
++++++++++++++++++++++++ BEGIN OF PROGRAM ++++++++++++++++++++++++
1111111111  
1111111111  

1111111111  
1111111111  

1112111111  1111111121  
1111111121  1112111111  

1112111111  1111111121  
1111111121  1112111111  

1112111111  1111111121  
1111111121  1112111111  

1112111111  1111111121  
1111111121  1112111111  

1121111111  1111111211  
1111111211  1121111111  

1121111111  1111111211  
1111111211  1121111111  

1122111111  1121111121  1111111221  
1111111221  1121111121  1122111111  

1122111111  1121111121  1111111221  
1111111221  1121111121  1122111111  

1122111111  1121111121  1111111221  
1111111221  1121111121  1122111111  

1122111111  1121111121  1111111221  
1111111221  1121111121  1122111111  

1122111111  1112111211  1111111221  
1122111111  1111111221  1112111211  

1122111111  1112111211  1111111221  
1122111111  1111111221  1112111211  

1122111111  1111111221  
1111111221  1122111111  

1122111111  1111111221  
1111111221  1122111111  

1122111111  1121111211  1111111221  
1111111221  1121111211  1122111111  

1122111111  1121111211  1111111221  
1111111221  1121111211  1122111111  

1122111111  1112111211  1111111221  
1122111111  1111111221  1112111211  

1122111111  1112111211  1111111221  
1122111111  1111111221  1112111211  

1122111111  1111111221  
1111111221  1122111111  

1122111111  1111111221  
1111111221  1122111111  

1122111111  1121111211  1111111221  
1111111221  1121111211  1122111111  

1122111111  1121111211  1111111221  
1111111221  1121111211  1122111111  

1211111111  1111112111  
1111112111  1211111111  

1211111111  1111112111  
1111112111  1211111111  

1212111111  1211111121  1112112111  1111112121  
1111112121  1112112111  1211111121  1212111111  

1212111111  1211111121  1112112111  1111112121  
1111112121  1112112111  1211111121  1212111111  

1212111111  1211111121  1112112111  1111112121  
1111112121  1112112111  1211111121  1212111111  

1212111111  1211111121  1112112111  1111112121  
1111112121  1112112111  1211111121  1212111111  

1221111111  1211111211  1111112211  
1111112211  1211111211  1221111111  

1221111111  1211111211  1111112211  
1111112211  1211111211  1221111111  

1222111111  1221111121  1211111221  1111112221  
1111112221  1211111221  1221111121  1222111111  

1222111111  1221111121  1211111221  1111112221  
1111112221  1211111221  1221111121  1222111111  

1222111111  1221111121  1211111221  1111112221  
1111112221  1211111221  1221111121  1222111111  

1222111111  1221111121  1211111221  1111112221  
1111112221  1211111221  1221111121  1222111111  

1222111111  1212111211  1211111221  1112112211  1111112321  
1111112321  1112112211  1222111111  1211111221  1212111211  

1222111111  1212111211  1211111221  1112112211  1111112321  
1111112321  1112112211  1222111111  1211111221  1212111211  

1222111111  1211111221  1112112221  1111112321  
1112112221  1111112321  1211111221  1222111111  

1222111111  1211111221  1112112221  1111112321  
1112112221  1111112321  1211111221  1222111111  

1222111111  1221111211  1211111221  1112112221  1111112321  
1112112221  1111112321  1211111221  1221111211  1222111111  

1222111111  1221111211  1211111221  1112112221  1111112321  
1112112221  1111112321  1211111221  1221111211  1222111111  

1222111111  1212111211  1211111221  1112112211  1111112321  
1111112321  1112112211  1222111111  1211111221  1212111211  

1222111111  1212111211  1211111221  1112112211  1111112321  
1111112321  1112112211  1222111111  1211111221  1212111211  

1222111111  1211111221  1112112221  1111112321  
1112112221  1111112321  1211111221  1222111111  

1222111111  1211111221  1112112221  1111112321  
1112112221  1111112321  1211111221  1222111111  

1222111111  1221111211  1211111221  1112112221  1111112321  
1112112221  1111112321  1211111221  1221111211  1222111111  

1222111111  1221111211  1211111221  1112112221  1111112321  
1112112221  1111112321  1211111221  1221111211  1222111111  

1221111111  1121112111  1111112211  
1221111111  1111112211  1121112111  

1221111111  1121112111  1111112211  
1221111111  1111112211  1121112111  

1232111111  1221111121  1122112111  1121112121  1111112221  
1221111121  1232111111  1111112221  1121112121  1122112111  

1232111111  1221111121  1122112111  1121112121  1111112221  
1221111121  1232111111  1111112221  1121112121  1122112111  

1232111111  1221111121  1122112111  1121112121  1111112221  
1221111121  1232111111  1111112221  1121112121  1122112111  

1232111111  1221111121  1122112111  1121112121  1111112221  
1221111121  1232111111  1111112221  1121112121  1122112111  

1221111111  1111112211  
1111112211  1221111111  

1221111111  1111112211  
1111112211  1221111111  

1232111111  1222112111  1221111121  1111112221  
1222112111  1221111121  1111112221  1232111111  

1232111111  1222112111  1221111121  1111112221  
1222112111  1221111121  1111112221  1232111111  

1232111111  1222112111  1221111121  1111112221  
1222112111  1221111121  1111112221  1232111111  

1232111111  1222112111  1221111121  1111112221  
1222112111  1221111121  1111112221  1232111111  

1232111111  1222111121  1222112111  1221111221  1211112221  1122112211  1112112221  1111112321  
1222112111  1112112221  1122112211  1211112221  1221111221  1222111121  1111112321  1232111111  

1232111111  1222111121  1222112111  1221111221  1211112221  1122112211  1112112221  1111112321  
1222112111  1112112221  1122112211  1211112221  1221111221  1222111121  1111112321  1232111111  

1232111111  1222111121  1222112111  1221111221  1211112221  1112112221  1111112321  
1112112221  1222112111  1211112221  1221111221  1222111121  1111112321  1232111111  

1232111111  1222111121  1222112111  1221111221  1211112221  1112112221  1111112321  
1112112221  1222112111  1211112221  1221111221  1222111121  1111112321  1232111111  

1222111111  1221111211  1211112211  1112112221  1111112321  
1112112221  1111112321  1211112211  1221111211  1222111111  

1222111111  1221111211  1211112211  1112112221  1111112321  
1112112221  1111112321  1211112211  1221111211  1222111111  

1232111111  1222111121  1222112111  1221111221  1211112221  1122112211  1112112221  1111112321  
1222112111  1112112221  1122112211  1211112221  1221111221  1222111121  1111112321  1232111111  

1232111111  1222111121  1222112111  1221111221  1211112221  1122112211  1112112221  1111112321  
1222112111  1112112221  1122112211  1211112221  1221111221  1222111121  1111112321  1232111111  

1232111111  1222111121  1222112111  1221111221  1211112221  1112112221  1111112321  
1112112221  1222112111  1211112221  1221111221  1222111121  1111112321  1232111111  

1232111111  1222111121  1222112111  1221111221  1211112221  1112112221  1111112321  
1112112221  1222112111  1211112221  1221111221  1222111121  1111112321  1232111111  

1222111111  1221111211  1211112211  1112112221  1111112321  
1112112221  1111112321  1211112211  1221111211  1222111111  

1222111111  1221111211  1211112211  1112112221  1111112321  
1112112221  1111112321  1211112211  1221111211  1222111111  

1222111111  1122112111  1112112211  1111112221  
1222111111  1122112111  1111112221  1112112211  

1222111111  1122112111  1112112211  1111112221  
1222111111  1122112111  1111112221  1112112211  

1232111111  1222111121  1122112111  1111112221  
1222111121  1232111111  1111112221  1122112111  

1232111111  1222111121  1122112111  1111112221  
1222111121  1232111111  1111112221  1122112111  

1232111111  1222111121  1122112111  1121112211  1111112221  
1222111121  1232111111  1111112221  1121112211  1122112111  

1232111111  1222111121  1122112111  1121112211  1111112221  
1222111121  1232111111  1111112221  1121112211  1122112111  

1222111111  1211112221  1112112211  1111112321  
1211112221  1111112321  1112112211  1222111111  

1222111111  1211112221  1112112211  1111112321  
1211112221  1111112321  1112112211  1222111111  

1232111111  1222111121  1222112111  1211112221  1112112221  1111112321  
1211112221  1222111121  1112112221  1222112111  1111112321  1232111111  

1232111111  1222111121  1222112111  1211112221  1112112221  1111112321  
1211112221  1222111121  1112112221  1222112111  1111112321  1232111111  

1232111111  1222111121  1222112111  1221112211  1211112221  1112112221  1111112321  
1211112221  1221112211  1222111121  1112112221  1222112111  1111112321  1232111111  

1232111111  1222111121  1222112111  1221112211  1211112221  1112112221  1111112321  
1211112221  1221112211  1222111121  1112112221  1222112111  1111112321  1232111111  

1232111111  1222111121  1222112111  1211112221  1122112211  1112112221  1111112321  
1222112111  1112112221  1122112211  1211112221  1222111121  1111112321  1232111111  

1232111111  1222111121  1222112111  1211112221  1122112211  1112112221  1111112321  
1222112111  1112112221  1122112211  1211112221  1222111121  1111112321  1232111111  

1232111111  1222111121  1222112111  1211112221  1112112221  1111112321  
1112112221  1222112111  1211112221  1222111121  1111112321  1232111111  

1232111111  1222111121  1222112111  1211112221  1112112221  1111112321  
1112112221  1222112111  1211112221  1222111121  1111112321  1232111111  

1222111111  1211112211  1112112221  1111112321  
1112112221  1111112321  1211112211  1222111111  

1222111111  1211112211  1112112221  1111112321  
1112112221  1111112321  1211112211  1222111111  

1232111111  1222111121  1221112111  1121112211  1111112221  
1222111121  1221112111  1111112221  1121112211  1232111111  

1232111111  1222111121  1221112111  1121112211  1111112221  
1222111121  1221112111  1111112221  1121112211  1232111111  

1232111111  1222111121  1221112111  1111112221  
1222111121  1111112221  1221112111  1232111111  

1232111111  1222111121  1221112111  1111112221  
1222111121  1111112221  1221112111  1232111111  

1222111111  1221112111  1211112211  1111112221  
1111112221  1211112211  1221112111  1222111111  

1222111111  1221112111  1211112211  1111112221  
1111112221  1211112211  1221112111  1222111111  

1222111111  1122112111  1112112211  1111112221  
1222111111  1122112111  1111112221  1112112211  

1222111111  1122112111  1112112211  1111112221  
1222111111  1122112111  1111112221  1112112211  

1232111111  1222111121  1122112111  1111112221  
1222111121  1232111111  1111112221  1122112111  

1232111111  1222111121  1122112111  1111112221  
1222111121  1232111111  1111112221  1122112111  

1232111111  1222111121  1122112111  1121112211  1111112221  
1222111121  1232111111  1111112221  1121112211  1122112111  

1232111111  1222111121  1122112111  1121112211  1111112221  
1222111121  1232111111  1111112221  1121112211  1122112111  

1222111111  1211112221  1112112211  1111112321  
1211112221  1111112321  1112112211  1222111111  

1222111111  1211112221  1112112211  1111112321  
1211112221  1111112321  1112112211  1222111111  

1232111111  1222111121  1222112111  1211112221  1112112221  1111112321  
1211112221  1222111121  1112112221  1222112111  1111112321  1232111111  

1232111111  1222111121  1222112111  1211112221  1112112221  1111112321  
1211112221  1222111121  1112112221  1222112111  1111112321  1232111111  

1232111111  1222111121  1222112111  1221112211  1211112221  1112112221  1111112321  
1211112221  1221112211  1222111121  1112112221  1222112111  1111112321  1232111111  

1232111111  1222111121  1222112111  1221112211  1211112221  1112112221  1111112321  
1211112221  1221112211  1222111121  1112112221  1222112111  1111112321  1232111111  

1232111111  1222111121  1222112111  1211112221  1122112211  1112112221  1111112321  
1222112111  1112112221  1122112211  1211112221  1222111121  1111112321  1232111111  

1232111111  1222111121  1222112111  1211112221  1122112211  1112112221  1111112321  
1222112111  1112112221  1122112211  1211112221  1222111121  1111112321  1232111111  

1232111111  1222111121  1222112111  1211112221  1112112221  1111112321  
1112112221  1222112111  1211112221  1222111121  1111112321  1232111111  

1232111111  1222111121  1222112111  1211112221  1112112221  1111112321  
1112112221  1222112111  1211112221  1222111121  1111112321  1232111111  

1222111111  1211112211  1112112221  1111112321  
1112112221  1111112321  1211112211  1222111111  

1222111111  1211112211  1112112221  1111112321  
1112112221  1111112321  1211112211  1222111111  

1232111111  1222111121  1221112111  1121112211  1111112221  
1222111121  1221112111  1111112221  1121112211  1232111111  

1232111111  1222111121  1221112111  1121112211  1111112221  
1222111121  1221112111  1111112221  1121112211  1232111111  

1232111111  1222111121  1221112111  1111112221  
1222111121  1111112221  1221112111  1232111111  

1232111111  1222111121  1221112111  1111112221  
1222111121  1111112221  1221112111  1232111111  

1222111111  1221112111  1211112211  1111112221  
1111112221  1211112211  1221112111  1222111111  

1222111111  1221112111  1211112211  1111112221  
1111112221  1211112211  1221112111  1222111111  

1111111111  
1111111111  

1111111111  
1111111111  

1112111111  1111111121  
1111111121  1112111111  

1112111111  1111111121  
1111111121  1112111111  

1112111111  1111111121  
1111111121  1112111111  

1112111111  1111111121  
1111111121  1112111111  

1121111111  1111111211  
1111111211  1121111111  

1121111111  1111111211  
1111111211  1121111111  

1122111111  1121111121  1111111221  
1111111221  1121111121  1122111111  

1122111111  1121111121  1111111221  
1111111221  1121111121  1122111111  

1122111111  1121111121  1111111221  
1111111221  1121111121  1122111111  

1122111111  1121111121  1111111221  
1111111221  1121111121  1122111111  

1122111111  1112111211  1111111221  
1122111111  1111111221  1112111211  

1122111111  1112111211  1111111221  
1122111111  1111111221  1112111211  

1122111111  1111111221  
1111111221  1122111111  

1122111111  1111111221  
1111111221  1122111111  

1122111111  1121111211  1111111221  
1111111221  1121111211  1122111111  

1122111111  1121111211  1111111221  
1111111221  1121111211  1122111111  

1122111111  1112111211  1111111221  
1122111111  1111111221  1112111211  

1122111111  1112111211  1111111221  
1122111111  1111111221  1112111211  

1122111111  1111111221  
1111111221  1122111111  

1122111111  1111111221  
1111111221  1122111111  

1122111111  1121111211  1111111221  
1111111221  1121111211  1122111111  

1122111111  1121111211  1111111221  
1111111221  1121111211  1122111111  

1211111111  1111112111  
1111112111  1211111111  

1211111111  1111112111  
1111112111  1211111111  

1212111111  1211111121  1112112111  1111112121  
1111112121  1112112111  1211111121  1212111111  

1212111111  1211111121  1112112111  1111112121  
1111112121  1112112111  1211111121  1212111111  

1212111111  1211111121  1112112111  1111112121  
1111112121  1112112111  1211111121  1212111111  

1212111111  1211111121  1112112111  1111112121  
1111112121  1112112111  1211111121  1212111111  

1221111111  1211111211  1111112211  
1111112211  1211111211  1221111111  

1221111111  1211111211  1111112211  
1111112211  1211111211  1221111111  

1222111111  1221111121  1211111221  1111112221  
1111112221  1211111221  1221111121  1222111111  

1222111111  1221111121  1211111221  1111112221  
1111112221  1211111221  1221111121  1222111111  

1222111111  1221111121  1211111221  1111112221  
1111112221  1211111221  1221111121  1222111111  

1222111111  1221111121  1211111221  1111112221  
1111112221  1211111221  1221111121  1222111111  

1222111111  1212111211  1211111221  1112112211  1111112321  
1111112321  1112112211  1222111111  1211111221  1212111211  

1222111111  1212111211  1211111221  1112112211  1111112321  
1111112321  1112112211  1222111111  1211111221  1212111211  

1222111111  1211111221  1112112221  1111112321  
1112112221  1111112321  1211111221  1222111111  

1222111111  1211111221  1112112221  1111112321  
1112112221  1111112321  1211111221  1222111111  

1222111111  1221111211  1211111221  1112112221  1111112321  
1112112221  1111112321  1211111221  1221111211  1222111111  

1222111111  1221111211  1211111221  1112112221  1111112321  
1112112221  1111112321  1211111221  1221111211  1222111111  

1222111111  1212111211  1211111221  1112112211  1111112321  
1111112321  1112112211  1222111111  1211111221  1212111211  

1222111111  1212111211  1211111221  1112112211  1111112321  
1111112321  1112112211  1222111111  1211111221  1212111211  

1222111111  1211111221  1112112221  1111112321  
1112112221  1111112321  1211111221  1222111111  

1222111111  1211111221  1112112221  1111112321  
1112112221  1111112321  1211111221  1222111111  

1222111111  1221111211  1211111221  1112112221  1111112321  
1112112221  1111112321  1211111221  1221111211  1222111111  

1222111111  1221111211  1211111221  1112112221  1111112321  
1112112221  1111112321  1211111221  1221111211  1222111111  

1221111111  1121112111  1111112211  
1221111111  1111112211  1121112111  

1221111111  1121112111  1111112211  
1221111111  1111112211  1121112111  

1232111111  1221111121  1122112111  1121112121  1111112221  
1221111121  1232111111  1111112221  1121112121  1122112111  

1232111111  1221111121  1122112111  1121112121  1111112221  
1221111121  1232111111  1111112221  1121112121  1122112111  

1232111111  1221111121  1122112111  1121112121  1111112221  
1221111121  1232111111  1111112221  1121112121  1122112111  

1232111111  1221111121  1122112111  1121112121  1111112221  
1221111121  1232111111  1111112221  1121112121  1122112111  

1221111111  1111112211  
1111112211  1221111111  

1221111111  1111112211  
1111112211  1221111111  

1232111111  1222112111  1221111121  1111112221  
1222112111  1221111121  1111112221  1232111111  

1232111111  1222112111  1221111121  1111112221  
1222112111  1221111121  1111112221  1232111111  

1232111111  1222112111  1221111121  1111112221  
1222112111  1221111121  1111112221  1232111111  

1232111111  1222112111  1221111121  1111112221  
1222112111  1221111121  1111112221  1232111111  

1232111111  1222111121  1222112111  1221111221  1211112221  1122112211  1112112221  1111112321  
1222112111  1112112221  1122112211  1211112221  1221111221  1222111121  1111112321  1232111111  

1232111111  1222111121  1222112111  1221111221  1211112221  1122112211  1112112221  1111112321  
1222112111  1112112221  1122112211  1211112221  1221111221  1222111121  1111112321  1232111111  

1232111111  1222111121  1222112111  1221111221  1211112221  1112112221  1111112321  
1112112221  1222112111  1211112221  1221111221  1222111121  1111112321  1232111111  

1232111111  1222111121  1222112111  1221111221  1211112221  1112112221  1111112321  
1112112221  1222112111  1211112221  1221111221  1222111121  1111112321  1232111111  

1222111111  1221111211  1211112211  1112112221  1111112321  
1112112221  1111112321  1211112211  1221111211  1222111111  

1222111111  1221111211  1211112211  1112112221  1111112321  
1112112221  1111112321  1211112211  1221111211  1222111111  

1232111111  1222111121  1222112111  1221111221  1211112221  1122112211  1112112221  1111112321  
1222112111  1112112221  1122112211  1211112221  1221111221  1222111121  1111112321  1232111111  

1232111111  1222111121  1222112111  1221111221  1211112221  1122112211  1112112221  1111112321  
1222112111  1112112221  1122112211  1211112221  1221111221  1222111121  1111112321  1232111111  

1232111111  1222111121  1222112111  1221111221  1211112221  1112112221  1111112321  
1112112221  1222112111  1211112221  1221111221  1222111121  1111112321  1232111111  

1232111111  1222111121  1222112111  1221111221  1211112221  1112112221  1111112321  
1112112221  1222112111  1211112221  1221111221  1222111121  1111112321  1232111111  

1222111111  1221111211  1211112211  1112112221  1111112321  
1112112221  1111112321  1211112211  1221111211  1222111111  

1222111111  1221111211  1211112211  1112112221  1111112321  
1112112221  1111112321  1211112211  1221111211  1222111111  

1222111111  1122112111  1112112211  1111112221  
1222111111  1122112111  1111112221  1112112211  

1222111111  1122112111  1112112211  1111112221  
1222111111  1122112111  1111112221  1112112211  

1232111111  1222111121  1122112111  1111112221  
1222111121  1232111111  1111112221  1122112111  

1232111111  1222111121  1122112111  1111112221  
1222111121  1232111111  1111112221  1122112111  

1232111111  1222111121  1122112111  1121112211  1111112221  
1222111121  1232111111  1111112221  1121112211  1122112111  

1232111111  1222111121  1122112111  1121112211  1111112221  
1222111121  1232111111  1111112221  1121112211  1122112111  

1222111111  1211112221  1112112211  1111112321  
1211112221  1111112321  1112112211  1222111111  

1222111111  1211112221  1112112211  1111112321  
1211112221  1111112321  1112112211  1222111111  

1232111111  1222111121  1222112111  1211112221  1112112221  1111112321  
1211112221  1222111121  1112112221  1222112111  1111112321  1232111111  

1232111111  1222111121  1222112111  1211112221  1112112221  1111112321  
1211112221  1222111121  1112112221  1222112111  1111112321  1232111111  

1232111111  1222111121  1222112111  1221112211  1211112221  1112112221  1111112321  
1211112221  1221112211  1222111121  1112112221  1222112111  1111112321  1232111111  

1232111111  1222111121  1222112111  1221112211  1211112221  1112112221  1111112321  
1211112221  1221112211  1222111121  1112112221  1222112111  1111112321  1232111111  

1232111111  1222111121  1222112111  1211112221  1122112211  1112112221  1111112321  
1222112111  1112112221  1122112211  1211112221  1222111121  1111112321  1232111111  

1232111111  1222111121  1222112111  1211112221  1122112211  1112112221  1111112321  
1222112111  1112112221  1122112211  1211112221  1222111121  1111112321  1232111111  

1232111111  1222111121  1222112111  1211112221  1112112221  1111112321  
1112112221  1222112111  1211112221  1222111121  1111112321  1232111111  

1232111111  1222111121  1222112111  1211112221  1112112221  1111112321  
1112112221  1222112111  1211112221  1222111121  1111112321  1232111111  

1222111111  1211112211  1112112221  1111112321  
1112112221  1111112321  1211112211  1222111111  

1222111111  1211112211  1112112221  1111112321  
1112112221  1111112321  1211112211  1222111111  

1232111111  1222111121  1221112111  1121112211  1111112221  
1222111121  1221112111  1111112221  1121112211  1232111111  

1232111111  1222111121  1221112111  1121112211  1111112221  
1222111121  1221112111  1111112221  1121112211  1232111111  

1232111111  1222111121  1221112111  1111112221  
1222111121  1111112221  1221112111  1232111111  

1232111111  1222111121  1221112111  1111112221  
1222111121  1111112221  1221112111  1232111111  

1222111111  1221112111  1211112211  1111112221  
1111112221  1211112211  1221112111  1222111111  

1222111111  1221112111  1211112211  1111112221  
1111112221  1211112211  1221112111  1222111111  

1222111111  1122112111  1112112211  1111112221  
1222111111  1122112111  1111112221  1112112211  

1222111111  1122112111  1112112211  1111112221  
1222111111  1122112111  1111112221  1112112211  

1232111111  1222111121  1122112111  1111112221  
1222111121  1232111111  1111112221  1122112111  

1232111111  1222111121  1122112111  1111112221  
1222111121  1232111111  1111112221  1122112111  

1232111111  1222111121  1122112111  1121112211  1111112221  
1222111121  1232111111  1111112221  1121112211  1122112111  

1232111111  1222111121  1122112111  1121112211  1111112221  
1222111121  1232111111  1111112221  1121112211  1122112111  

1222111111  1211112221  1112112211  1111112321  
1211112221  1111112321  1112112211  1222111111  

1222111111  1211112221  1112112211  1111112321  
1211112221  1111112321  1112112211  1222111111  

1232111111  1222111121  1222112111  1211112221  1112112221  1111112321  
1211112221  1222111121  1112112221  1222112111  1111112321  1232111111  

1232111111  1222111121  1222112111  1211112221  1112112221  1111112321  
1211112221  1222111121  1112112221  1222112111  1111112321  1232111111  

1232111111  1222111121  1222112111  1221112211  1211112221  1112112221  1111112321  
1211112221  1221112211  1222111121  1112112221  1222112111  1111112321  1232111111  

1232111111  1222111121  1222112111  1221112211  1211112221  1112112221  1111112321  
1211112221  1221112211  1222111121  1112112221  1222112111  1111112321  1232111111  

1232111111  1222111121  1222112111  1211112221  1122112211  1112112221  1111112321  
1222112111  1112112221  1122112211  1211112221  1222111121  1111112321  1232111111  

1232111111  1222111121  1222112111  1211112221  1122112211  1112112221  1111112321  
1222112111  1112112221  1122112211  1211112221  1222111121  1111112321  1232111111  

1232111111  1222111121  1222112111  1211112221  1112112221  1111112321  
1112112221  1222112111  1211112221  1222111121  1111112321  1232111111  

1232111111  1222111121  1222112111  1211112221  1112112221  1111112321  
1112112221  1222112111  1211112221  1222111121  1111112321  1232111111  

1222111111  1211112211  1112112221  1111112321  
1112112221  1111112321  1211112211  1222111111  

1222111111  1211112211  1112112221  1111112321  
1112112221  1111112321  1211112211  1222111111  

1232111111  1222111121  1221112111  1121112211  1111112221  
1222111121  1221112111  1111112221  1121112211  1232111111  

1232111111  1222111121  1221112111  1121112211  1111112221  
1222111121  1221112111  1111112221  1121112211  1232111111  

1232111111  1222111121  1221112111  1111112221  
1222111121  1111112221  1221112111  1232111111  

1232111111  1222111121  1221112111  1111112221  
1222111121  1111112221  1221112111  1232111111  

1222111111  1221112111  1211112211  1111112221  
1111112221  1211112211  1221112111  1222111111  

1222111111  1221112111  1211112211  1111112221  
1111112221  1211112211  1221112111  1222111111  

1211111111  1111112111  
1111112111  1211111111  

1211111111  1111112111  
1111112111  1211111111  

1212111111  1211111121  1112112111  1111112121  
1111112121  1112112111  1211111121  1212111111  

1212111111  1211111121  1112112111  1111112121  
1111112121  1112112111  1211111121  1212111111  

1212111111  1211111121  1112112111  1111112121  
1111112121  1112112111  1211111121  1212111111  

1212111111  1211111121  1112112111  1111112121  
1111112121  1112112111  1211111121  1212111111  

1221111111  1211111211  1111112211  
1111112211  1211111211  1221111111  

1221111111  1211111211  1111112211  
1111112211  1211111211  1221111111  

1222111111  1221111121  1211111221  1111112221  
1111112221  1211111221  1221111121  1222111111  

1222111111  1221111121  1211111221  1111112221  
1111112221  1211111221  1221111121  1222111111  

1222111111  1221111121  1211111221  1111112221  
1111112221  1211111221  1221111121  1222111111  

1222111111  1221111121  1211111221  1111112221  
1111112221  1211111221  1221111121  1222111111  

1222111111  1212111211  1211111221  1112112211  1111112321  
1111112321  1112112211  1222111111  1211111221  1212111211  

1222111111  1212111211  1211111221  1112112211  1111112321  
1111112321  1112112211  1222111111  1211111221  1212111211  

1222111111  1211111221  1112112221  1111112321  
1112112221  1111112321  1211111221  1222111111  

1222111111  1211111221  1112112221  1111112321  
1112112221  1111112321  1211111221  1222111111  

1222111111  1221111211  1211111221  1112112221  1111112321  
1112112221  1111112321  1211111221  1221111211  1222111111  

1222111111  1221111211  1211111221  1112112221  1111112321  
1112112221  1111112321  1211111221  1221111211  1222111111  

1222111111  1212111211  1211111221  1112112211  1111112321  
1111112321  1112112211  1222111111  1211111221  1212111211  

1222111111  1212111211  1211111221  1112112211  1111112321  
1111112321  1112112211  1222111111  1211111221  1212111211  

1222111111  1211111221  1112112221  1111112321  
1112112221  1111112321  1211111221  1222111111  

1222111111  1211111221  1112112221  1111112321  
1112112221  1111112321  1211111221  1222111111  

1222111111  1221111211  1211111221  1112112221  1111112321  
1112112221  1111112321  1211111221  1221111211  1222111111  

1222111111  1221111211  1211111221  1112112221  1111112321  
1112112221  1111112321  1211111221  1221111211  1222111111  

1211111111  1111112111  
1111112111  1211111111  

1211111111  1111112111  
1111112111  1211111111  

1212111111  1211111121  1112112111  1111112121  
1111112121  1112112111  1211111121  1212111111  

1212111111  1211111121  1112112111  1111112121  
1111112121  1112112111  1211111121  1212111111  

1212111111  1211111121  1112112111  1111112121  
1111112121  1112112111  1211111121  1212111111  

1212111111  1211111121  1112112111  1111112121  
1111112121  1112112111  1211111121  1212111111  

1221111111  1211111211  1111112211  
1111112211  1211111211  1221111111  

1221111111  1211111211  1111112211  
1111112211  1211111211  1221111111  

1222111111  1221111121  1211111221  1111112221  
1111112221  1211111221  1221111121  1222111111  

1222111111  1221111121  1211111221  1111112221  
1111112221  1211111221  1221111121  1222111111  

1222111111  1221111121  1211111221  1111112221  
1111112221  1211111221  1221111121  1222111111  

1222111111  1221111121  1211111221  1111112221  
1111112221  1211111221  1221111121  1222111111  

1222111111  1212111211  1211111221  1112112211  1111112321  
1111112321  1112112211  1222111111  1211111221  1212111211  

1222111111  1212111211  1211111221  1112112211  1111112321  
1111112321  1112112211  1222111111  1211111221  1212111211  

1222111111  1211111221  1112112221  1111112321  
1112112221  1111112321  1211111221  1222111111  

1222111111  1211111221  1112112221  1111112321  
1112112221  1111112321  1211111221  1222111111  

1222111111  1221111211  1211111221  1112112221  1111112321  
1112112221  1111112321  1211111221  1221111211  1222111111  

1222111111  1221111211  1211111221  1112112221  1111112321  
1112112221  1111112321  1211111221  1221111211  1222111111  

1222111111  1212111211  1211111221  1112112211  1111112321  
1111112321  1112112211  1222111111  1211111221  1212111211  

1222111111  1212111211  1211111221  1112112211  1111112321  
1111112321  1112112211  1222111111  1211111221  1212111211  

1222111111  1211111221  1112112221  1111112321  
1112112221  1111112321  1211111221  1222111111  

1222111111  1211111221  1112112221  1111112321  
1112112221  1111112321  1211111221  1222111111  

1222111111  1221111211  1211111221  1112112221  1111112321  
1112112221  1111112321  1211111221  1221111211  1222111111  

1222111111  1221111211  1211111221  1112112221  1111112321  
1112112221  1111112321  1211111221  1221111211  1222111111  

1221111111  1121111211  1111112211  
1111112211  1221111111  1121111211  

1221111111  1121111211  1111112211  
1111112211  1221111111  1121111211  

1232111111  1222112111  1221111121  1121111221  1111112221  
1222112111  1121111221  1221111121  1111112221  1232111111  

1232111111  1222112111  1221111121  1121111221  1111112221  
1222112111  1121111221  1221111121  1111112221  1232111111  

1232111111  1222112111  1221111121  1121111221  1111112221  
1222112111  1121111221  1221111121  1111112221  1232111111  

1232111111  1222112111  1221111121  1121111221  1111112221  
1222112111  1121111221  1221111121  1111112221  1232111111  

1221111111  1121111211  1111112211  
1111112211  1221111111  1121111211  

1221111111  1121111211  1111112211  
1111112211  1221111111  1121111211  

1232111111  1222112111  1221111121  1121111221  1111112221  
1222112111  1121111221  1221111121  1111112221  1232111111  

1232111111  1222112111  1221111121  1121111221  1111112221  
1222112111  1121111221  1221111121  1111112221  1232111111  

1232111111  1222112111  1221111121  1121111221  1111112221  
1222112111  1121111221  1221111121  1111112221  1232111111  

1232111111  1222112111  1221111121  1121111221  1111112221  
1222112111  1121111221  1221111121  1111112221  1232111111  

1232111111  1222112111  1122111121  1121111221  1111112221  
1222112111  1121111221  1111112221  1232111111  1122111121  

1232111111  1222112111  1122111121  1121111221  1111112221  
1222112111  1121111221  1111112221  1232111111  1122111121  

1232111111  1222112111  1122111121  1121111221  1111112221  
1222112111  1121111221  1111112221  1232111111  1122111121  

1232111111  1222112111  1122111121  1121111221  1111112221  
1222112111  1121111221  1111112221  1232111111  1122111121  

1122111111  1121111211  1111112211  
1111112211  1121111211  1122111111  

1122111111  1121111211  1111112211  
1111112211  1121111211  1122111111  

1232111111  1222112111  1122111121  1121111221  1111112221  
1222112111  1121111221  1111112221  1232111111  1122111121  

1232111111  1222112111  1122111121  1121111221  1111112221  
1222112111  1121111221  1111112221  1232111111  1122111121  

1232111111  1222112111  1122111121  1121111221  1111112221  
1222112111  1121111221  1111112221  1232111111  1122111121  

1232111111  1222112111  1122111121  1121111221  1111112221  
1222112111  1121111221  1111112221  1232111111  1122111121  

1122111111  1121111211  1111112211  
1111112211  1121111211  1122111111  

1122111111  1121111211  1111112211  
1111112211  1121111211  1122111111  

1222111111  1122111211  1112112211  1211112221  1111112321  
1211112221  1111112321  1112112211  1222111111  1122111211  

1222111111  1122111211  1112112211  1211112221  1111112321  
1211112221  1111112321  1112112211  1222111111  1122111211  

1232111111  1222111121  1222112111  1211112221  1122111221  1112112221  1111112321  
1211112221  1122111221  1222111121  1112112221  1222112111  1111112321  1232111111  

1232111111  1222111121  1222112111  1211112221  1122111221  1112112221  1111112321  
1211112221  1122111221  1222111121  1112112221  1222112111  1111112321  1232111111  

1232111111  1222111121  1222112111  1221112211  1211112221  1122111221  1112112221  1111112321  
1211112221  1221112211  1122111221  1222111121  1112112221  1222112111  1111112321  1232111111  

1232111111  1222111121  1222112111  1221112211  1211112221  1122111221  1112112221  1111112321  
1211112221  1221112211  1122111221  1222111121  1112112221  1222112111  1111112321  1232111111  

1222111111  1122111211  1112112211  1211112221  1111112321  
1211112221  1111112321  1112112211  1222111111  1122111211  

1222111111  1122111211  1112112211  1211112221  1111112321  
1211112221  1111112321  1112112211  1222111111  1122111211  

1232111111  1222111121  1222112111  1211112221  1122111221  1112112221  1111112321  
1211112221  1122111221  1222111121  1112112221  1222112111  1111112321  1232111111  

1232111111  1222111121  1222112111  1211112221  1122111221  1112112221  1111112321  
1211112221  1122111221  1222111121  1112112221  1222112111  1111112321  1232111111  

1232111111  1222111121  1222112111  1221112211  1211112221  1122111221  1112112221  1111112321  
1211112221  1221112211  1122111221  1222111121  1112112221  1222112111  1111112321  1232111111  

1232111111  1222111121  1222112111  1221112211  1211112221  1122111221  1112112221  1111112321  
1211112221  1221112211  1122111221  1222111121  1112112221  1222112111  1111112321  1232111111  

1232111111  1222112111  1122111121  1111112221  
1222112111  1111112221  1232111111  1122111121  

1232111111  1222112111  1122111121  1111112221  
1222112111  1111112221  1232111111  1122111121  

1232111111  1222112111  1122111121  1111112221  
1222112111  1111112221  1232111111  1122111121  

1232111111  1222112111  1122111121  1111112221  
1222112111  1111112221  1232111111  1122111121  

1122111111  1111112211  
1111112211  1122111111  

1122111111  1111112211  
1111112211  1122111111  

1232111111  1221112111  1122111121  1121112121  1111112221  
1111112221  1221112111  1232111111  1121112121  1122111121  

1232111111  1221112111  1122111121  1121112121  1111112221  
1111112221  1221112111  1232111111  1121112121  1122111121  

1232111111  1221112111  1122111121  1121112121  1111112221  
1111112221  1221112111  1232111111  1121112121  1122111121  

1232111111  1221112111  1122111121  1121112121  1111112221  
1111112221  1221112111  1232111111  1121112121  1122111121  

1122111111  1121112111  1111112211  
1111112211  1121112111  1122111111  

1122111111  1121112111  1111112211  
1111112211  1121112111  1122111111  

1222111111  1122111211  1112112211  1211112221  1111112321  
1211112221  1111112321  1112112211  1222111111  1122111211  

1222111111  1122111211  1112112211  1211112221  1111112321  
1211112221  1111112321  1112112211  1222111111  1122111211  

1232111111  1222111121  1222112111  1211112221  1122111221  1112112221  1111112321  
1211112221  1122111221  1222111121  1112112221  1222112111  1111112321  1232111111  

1232111111  1222111121  1222112111  1211112221  1122111221  1112112221  1111112321  
1211112221  1122111221  1222111121  1112112221  1222112111  1111112321  1232111111  

1232111111  1222111121  1222112111  1221112211  1211112221  1122111221  1112112221  1111112321  
1211112221  1221112211  1122111221  1222111121  1112112221  1222112111  1111112321  1232111111  

1232111111  1222111121  1222112111  1221112211  1211112221  1122111221  1112112221  1111112321  
1211112221  1221112211  1122111221  1222111121  1112112221  1222112111  1111112321  1232111111  

1222111111  1122111211  1112112211  1211112221  1111112321  
1211112221  1111112321  1112112211  1222111111  1122111211  

1222111111  1122111211  1112112211  1211112221  1111112321  
1211112221  1111112321  1112112211  1222111111  1122111211  

1232111111  1222111121  1222112111  1211112221  1122111221  1112112221  1111112321  
1211112221  1122111221  1222111121  1112112221  1222112111  1111112321  1232111111  

1232111111  1222111121  1222112111  1211112221  1122111221  1112112221  1111112321  
1211112221  1122111221  1222111121  1112112221  1222112111  1111112321  1232111111  

1232111111  1222111121  1222112111  1221112211  1211112221  1122111221  1112112221  1111112321  
1211112221  1221112211  1122111221  1222111121  1112112221  1222112111  1111112321  1232111111  

1232111111  1222111121  1222112111  1221112211  1211112221  1122111221  1112112221  1111112321  
1211112221  1221112211  1122111221  1222111121  1112112221  1222112111  1111112321  1232111111  

1232111111  1222112111  1122111121  1111112221  
1222112111  1111112221  1232111111  1122111121  

1232111111  1222112111  1122111121  1111112221  
1222112111  1111112221  1232111111  1122111121  

1232111111  1222112111  1122111121  1111112221  
1222112111  1111112221  1232111111  1122111121  

1232111111  1222112111  1122111121  1111112221  
1222112111  1111112221  1232111111  1122111121  

1122111111  1111112211  
1111112211  1122111111  

1122111111  1111112211  
1111112211  1122111111  

1232111111  1221112111  1122111121  1121112121  1111112221  
1111112221  1221112111  1232111111  1121112121  1122111121  

1232111111  1221112111  1122111121  1121112121  1111112221  
1111112221  1221112111  1232111111  1121112121  1122111121  

1232111111  1221112111  1122111121  1121112121  1111112221  
1111112221  1221112111  1232111111  1121112121  1122111121  

1232111111  1221112111  1122111121  1121112121  1111112221  
1111112221  1221112111  1232111111  1121112121  1122111121  

1122111111  1121112111  1111112211  
1111112211  1121112111  1122111111  

1122111111  1121112111  1111112211  
1111112211  1121112111  1122111111  

1221111111  1121112111  1111112211  
1221111111  1111112211  1121112111  

1221111111  1121112111  1111112211  
1221111111  1111112211  1121112111  

1232111111  1221111121  1122112111  1121112121  1111112221  
1221111121  1232111111  1111112221  1121112121  1122112111  

1232111111  1221111121  1122112111  1121112121  1111112221  
1221111121  1232111111  1111112221  1121112121  1122112111  

1232111111  1221111121  1122112111  1121112121  1111112221  
1221111121  1232111111  1111112221  1121112121  1122112111  

1232111111  1221111121  1122112111  1121112121  1111112221  
1221111121  1232111111  1111112221  1121112121  1122112111  

1221111111  1111112211  
1111112211  1221111111  

1221111111  1111112211  
1111112211  1221111111  

1232111111  1222112111  1221111121  1111112221  
1222112111  1221111121  1111112221  1232111111  

1232111111  1222112111  1221111121  1111112221  
1222112111  1221111121  1111112221  1232111111  

1232111111  1222112111  1221111121  1111112221  
1222112111  1221111121  1111112221  1232111111  

1232111111  1222112111  1221111121  1111112221  
1222112111  1221111121  1111112221  1232111111  

1232111111  1222111121  1222112111  1221111221  1211112221  1122112211  1112112221  1111112321  
1222112111  1112112221  1122112211  1211112221  1221111221  1222111121  1111112321  1232111111  

1232111111  1222111121  1222112111  1221111221  1211112221  1122112211  1112112221  1111112321  
1222112111  1112112221  1122112211  1211112221  1221111221  1222111121  1111112321  1232111111  

1232111111  1222111121  1222112111  1221111221  1211112221  1112112221  1111112321  
1112112221  1222112111  1211112221  1221111221  1222111121  1111112321  1232111111  

1232111111  1222111121  1222112111  1221111221  1211112221  1112112221  1111112321  
1112112221  1222112111  1211112221  1221111221  1222111121  1111112321  1232111111  

1222111111  1221111211  1211112211  1112112221  1111112321  
1112112221  1111112321  1211112211  1221111211  1222111111  

1222111111  1221111211  1211112211  1112112221  1111112321  
1112112221  1111112321  1211112211  1221111211  1222111111  

1232111111  1222111121  1222112111  1221111221  1211112221  1122112211  1112112221  1111112321  
1222112111  1112112221  1122112211  1211112221  1221111221  1222111121  1111112321  1232111111  

1232111111  1222111121  1222112111  1221111221  1211112221  1122112211  1112112221  1111112321  
1222112111  1112112221  1122112211  1211112221  1221111221  1222111121  1111112321  1232111111  

1232111111  1222111121  1222112111  1221111221  1211112221  1112112221  1111112321  
1112112221  1222112111  1211112221  1221111221  1222111121  1111112321  1232111111  

1232111111  1222111121  1222112111  1221111221  1211112221  1112112221  1111112321  
1112112221  1222112111  1211112221  1221111221  1222111121  1111112321  1232111111  

1222111111  1221111211  1211112211  1112112221  1111112321  
1112112221  1111112321  1211112211  1221111211  1222111111  

1222111111  1221111211  1211112211  1112112221  1111112321  
1112112221  1111112321  1211112211  1221111211  1222111111  

1221111111  1121112111  1111112211  
1221111111  1111112211  1121112111  

1221111111  1121112111  1111112211  
1221111111  1111112211  1121112111  

1232111111  1221111121  1122112111  1121112121  1111112221  
1221111121  1232111111  1111112221  1121112121  1122112111  

1232111111  1221111121  1122112111  1121112121  1111112221  
1221111121  1232111111  1111112221  1121112121  1122112111  

1232111111  1221111121  1122112111  1121112121  1111112221  
1221111121  1232111111  1111112221  1121112121  1122112111  

1232111111  1221111121  1122112111  1121112121  1111112221  
1221111121  1232111111  1111112221  1121112121  1122112111  

1221111111  1111112211  
1111112211  1221111111  

1221111111  1111112211  
1111112211  1221111111  

1232111111  1222112111  1221111121  1111112221  
1222112111  1221111121  1111112221  1232111111  

1232111111  1222112111  1221111121  1111112221  
1222112111  1221111121  1111112221  1232111111  

1232111111  1222112111  1221111121  1111112221  
1222112111  1221111121  1111112221  1232111111  

1232111111  1222112111  1221111121  1111112221  
1222112111  1221111121  1111112221  1232111111  

1232111111  1222111121  1222112111  1221111221  1211112221  1122112211  1112112221  1111112321  
1222112111  1112112221  1122112211  1211112221  1221111221  1222111121  1111112321  1232111111  

1232111111  1222111121  1222112111  1221111221  1211112221  1122112211  1112112221  1111112321  
1222112111  1112112221  1122112211  1211112221  1221111221  1222111121  1111112321  1232111111  

1232111111  1222111121  1222112111  1221111221  1211112221  1112112221  1111112321  
1112112221  1222112111  1211112221  1221111221  1222111121  1111112321  1232111111  

1232111111  1222111121  1222112111  1221111221  1211112221  1112112221  1111112321  
1112112221  1222112111  1211112221  1221111221  1222111121  1111112321  1232111111  

1222111111  1221111211  1211112211  1112112221  1111112321  
1112112221  1111112321  1211112211  1221111211  1222111111  

1222111111  1221111211  1211112211  1112112221  1111112321  
1112112221  1111112321  1211112211  1221111211  1222111111  

1232111111  1222111121  1222112111  1221111221  1211112221  1122112211  1112112221  1111112321  
1222112111  1112112221  1122112211  1211112221  1221111221  1222111121  1111112321  1232111111  

1232111111  1222111121  1222112111  1221111221  1211112221  1122112211  1112112221  1111112321  
1222112111  1112112221  1122112211  1211112221  1221111221  1222111121  1111112321  1232111111  

1232111111  1222111121  1222112111  1221111221  1211112221  1112112221  1111112321  
1112112221  1222112111  1211112221  1221111221  1222111121  1111112321  1232111111  

1232111111  1222111121  1222112111  1221111221  1211112221  1112112221  1111112321  
1112112221  1222112111  1211112221  1221111221  1222111121  1111112321  1232111111  

1222111111  1221111211  1211112211  1112112221  1111112321  
1112112221  1111112321  1211112211  1221111211  1222111111  

1222111111  1221111211  1211112211  1112112221  1111112321  
1112112221  1111112321  1211112211  1221111211  1222111111  

1221111111  1121111211  1111112211  
1111112211  1221111111  1121111211  

1221111111  1121111211  1111112211  
1111112211  1221111111  1121111211  

1232111111  1222112111  1221111121  1121111221  1111112221  
1222112111  1121111221  1221111121  1111112221  1232111111  

1232111111  1222112111  1221111121  1121111221  1111112221  
1222112111  1121111221  1221111121  1111112221  1232111111  

1232111111  1222112111  1221111121  1121111221  1111112221  
1222112111  1121111221  1221111121  1111112221  1232111111  

1232111111  1222112111  1221111121  1121111221  1111112221  
1222112111  1121111221  1221111121  1111112221  1232111111  

1221111111  1121111211  1111112211  
1111112211  1221111111  1121111211  

1221111111  1121111211  1111112211  
1111112211  1221111111  1121111211  

1232111111  1222112111  1221111121  1121111221  1111112221  
1222112111  1121111221  1221111121  1111112221  1232111111  

1232111111  1222112111  1221111121  1121111221  1111112221  
1222112111  1121111221  1221111121  1111112221  1232111111  

1232111111  1222112111  1221111121  1121111221  1111112221  
1222112111  1121111221  1221111121  1111112221  1232111111  

1232111111  1222112111  1221111121  1121111221  1111112221  
1222112111  1121111221  1221111121  1111112221  1232111111  

1232111111  1222112111  1122111121  1121111221  1111112221  
1222112111  1121111221  1111112221  1232111111  1122111121  

1232111111  1222112111  1122111121  1121111221  1111112221  
1222112111  1121111221  1111112221  1232111111  1122111121  

1232111111  1222112111  1122111121  1121111221  1111112221  
1222112111  1121111221  1111112221  1232111111  1122111121  

1232111111  1222112111  1122111121  1121111221  1111112221  
1222112111  1121111221  1111112221  1232111111  1122111121  

1122111111  1121111211  1111112211  
1111112211  1121111211  1122111111  

1122111111  1121111211  1111112211  
1111112211  1121111211  1122111111  

1232111111  1222112111  1122111121  1121111221  1111112221  
1222112111  1121111221  1111112221  1232111111  1122111121  

1232111111  1222112111  1122111121  1121111221  1111112221  
1222112111  1121111221  1111112221  1232111111  1122111121  

1232111111  1222112111  1122111121  1121111221  1111112221  
1222112111  1121111221  1111112221  1232111111  1122111121  

1232111111  1222112111  1122111121  1121111221  1111112221  
1222112111  1121111221  1111112221  1232111111  1122111121  

1122111111  1121111211  1111112211  
1111112211  1121111211  1122111111  

1122111111  1121111211  1111112211  
1111112211  1121111211  1122111111  

1222111111  1122111211  1112111221  1211112221  1111112321  
1211112221  1111112321  1222111111  1122111211  1112111221  

1222111111  1122111211  1112111221  1211112221  1111112321  
1211112221  1111112321  1222111111  1122111211  1112111221  

1222111111  1211112221  1112111221  1111112321  
1211112221  1111112321  1112111221  1222111111  

1222111111  1211112221  1112111221  1111112321  
1211112221  1111112321  1112111221  1222111111  

1222111111  1212111211  1211112211  1112111221  1111112321  
1111112321  1112111221  1211112211  1222111111  1212111211  

1222111111  1212111211  1211112211  1112111221  1111112321  
1111112321  1112111221  1211112211  1222111111  1212111211  

1222111111  1122111211  1112111221  1211112221  1111112321  
1211112221  1111112321  1222111111  1122111211  1112111221  

1222111111  1122111211  1112111221  1211112221  1111112321  
1211112221  1111112321  1222111111  1122111211  1112111221  

1222111111  1211112221  1112111221  1111112321  
1211112221  1111112321  1112111221  1222111111  

1222111111  1211112221  1112111221  1111112321  
1211112221  1111112321  1112111221  1222111111  

1222111111  1212111211  1211112211  1112111221  1111112321  
1111112321  1112111221  1211112211  1222111111  1212111211  

1222111111  1212111211  1211112211  1112111221  1111112321  
1111112321  1112111221  1211112211  1222111111  1212111211  

1222111111  1122111121  1112111221  1111112221  
1111112221  1112111221  1222111111  1122111121  

1222111111  1122111121  1112111221  1111112221  
1111112221  1112111221  1222111111  1122111121  

1222111111  1122111121  1112111221  1111112221  
1111112221  1112111221  1222111111  1122111121  

1222111111  1122111121  1112111221  1111112221  
1111112221  1112111221  1222111111  1122111121  

1122111111  1112111211  1111112211  
1111112211  1122111111  1112111211  

1122111111  1112111211  1111112211  
1111112211  1122111111  1112111211  

1212111111  1211112111  1112111121  1111112121  
1111112121  1112111121  1211112111  1212111111  

1212111111  1211112111  1112111121  1111112121  
1111112121  1112111121  1211112111  1212111111  

1212111111  1211112111  1112111121  1111112121  
1111112121  1112111121  1211112111  1212111111  

1212111111  1211112111  1112111121  1111112121  
1111112121  1112111121  1211112111  1212111111  

1112111111  1111112111  
1111112111  1112111111  

1112111111  1111112111  
1111112111  1112111111  

1222111111  1122111211  1112111221  1211112221  1111112321  
1211112221  1111112321  1222111111  1122111211  1112111221  

1222111111  1122111211  1112111221  1211112221  1111112321  
1211112221  1111112321  1222111111  1122111211  1112111221  

1222111111  1211112221  1112111221  1111112321  
1211112221  1111112321  1112111221  1222111111  

1222111111  1211112221  1112111221  1111112321  
1211112221  1111112321  1112111221  1222111111  

1222111111  1212111211  1211112211  1112111221  1111112321  
1111112321  1112111221  1211112211  1222111111  1212111211  

1222111111  1212111211  1211112211  1112111221  1111112321  
1111112321  1112111221  1211112211  1222111111  1212111211  

1222111111  1122111211  1112111221  1211112221  1111112321  
1211112221  1111112321  1222111111  1122111211  1112111221  

1222111111  1122111211  1112111221  1211112221  1111112321  
1211112221  1111112321  1222111111  1122111211  1112111221  

1222111111  1211112221  1112111221  1111112321  
1211112221  1111112321  1112111221  1222111111  

1222111111  1211112221  1112111221  1111112321  
1211112221  1111112321  1112111221  1222111111  

1222111111  1212111211  1211112211  1112111221  1111112321  
1111112321  1112111221  1211112211  1222111111  1212111211  

1222111111  1212111211  1211112211  1112111221  1111112321  
1111112321  1112111221  1211112211  1222111111  1212111211  

1222111111  1122111121  1112111221  1111112221  
1111112221  1112111221  1222111111  1122111121  

1222111111  1122111121  1112111221  1111112221  
1111112221  1112111221  1222111111  1122111121  

1222111111  1122111121  1112111221  1111112221  
1111112221  1112111221  1222111111  1122111121  

1222111111  1122111121  1112111221  1111112221  
1111112221  1112111221  1222111111  1122111121  

1122111111  1112111211  1111112211  
1111112211  1122111111  1112111211  

1122111111  1112111211  1111112211  
1111112211  1122111111  1112111211  

1212111111  1211112111  1112111121  1111112121  
1111112121  1112111121  1211112111  1212111111  

1212111111  1211112111  1112111121  1111112121  
1111112121  1112111121  1211112111  1212111111  

1212111111  1211112111  1112111121  1111112121  
1111112121  1112111121  1211112111  1212111111  

1212111111  1211112111  1112111121  1111112121  
1111112121  1112111121  1211112111  1212111111  

1112111111  1111112111  
1111112111  1112111111  

1112111111  1111112111  
1111112111  1112111111  

1222111111  1122112111  1112112211  1111112221  
1222111111  1122112111  1111112221  1112112211  

1222111111  1122112111  1112112211  1111112221  
1222111111  1122112111  1111112221  1112112211  

1232111111  1222111121  1122112111  1111112221  
1222111121  1232111111  1111112221  1122112111  

1232111111  1222111121  1122112111  1111112221  
1222111121  1232111111  1111112221  1122112111  

1232111111  1222111121  1122112111  1121112211  1111112221  
1222111121  1232111111  1111112221  1121112211  1122112111  

1232111111  1222111121  1122112111  1121112211  1111112221  
1222111121  1232111111  1111112221  1121112211  1122112111  

1222111111  1211112221  1112112211  1111112321  
1211112221  1111112321  1112112211  1222111111  

1222111111  1211112221  1112112211  1111112321  
1211112221  1111112321  1112112211  1222111111  

1232111111  1222111121  1222112111  1211112221  1112112221  1111112321  
1211112221  1222111121  1112112221  1222112111  1111112321  1232111111  

1232111111  1222111121  1222112111  1211112221  1112112221  1111112321  
1211112221  1222111121  1112112221  1222112111  1111112321  1232111111  

1232111111  1222111121  1222112111  1221112211  1211112221  1112112221  1111112321  
1211112221  1221112211  1222111121  1112112221  1222112111  1111112321  1232111111  

1232111111  1222111121  1222112111  1221112211  1211112221  1112112221  1111112321  
1211112221  1221112211  1222111121  1112112221  1222112111  1111112321  1232111111  

1232111111  1222111121  1222112111  1211112221  1122112211  1112112221  1111112321  
1222112111  1112112221  1122112211  1211112221  1222111121  1111112321  1232111111  

1232111111  1222111121  1222112111  1211112221  1122112211  1112112221  1111112321  
1222112111  1112112221  1122112211  1211112221  1222111121  1111112321  1232111111  

1232111111  1222111121  1222112111  1211112221  1112112221  1111112321  
1112112221  1222112111  1211112221  1222111121  1111112321  1232111111  

1232111111  1222111121  1222112111  1211112221  1112112221  1111112321  
1112112221  1222112111  1211112221  1222111121  1111112321  1232111111  

1222111111  1211112211  1112112221  1111112321  
1112112221  1111112321  1211112211  1222111111  

1222111111  1211112211  1112112221  1111112321  
1112112221  1111112321  1211112211  1222111111  

1232111111  1222111121  1221112111  1121112211  1111112221  
1222111121  1221112111  1111112221  1121112211  1232111111  

1232111111  1222111121  1221112111  1121112211  1111112221  
1222111121  1221112111  1111112221  1121112211  1232111111  

1232111111  1222111121  1221112111  1111112221  
1222111121  1111112221  1221112111  1232111111  

1232111111  1222111121  1221112111  1111112221  
1222111121  1111112221  1221112111  1232111111  

1222111111  1221112111  1211112211  1111112221  
1111112221  1211112211  1221112111  1222111111  

1222111111  1221112111  1211112211  1111112221  
1111112221  1211112211  1221112111  1222111111  

1222111111  1122112111  1112112211  1111112221  
1222111111  1122112111  1111112221  1112112211  

1222111111  1122112111  1112112211  1111112221  
1222111111  1122112111  1111112221  1112112211  

1232111111  1222111121  1122112111  1111112221  
1222111121  1232111111  1111112221  1122112111  

1232111111  1222111121  1122112111  1111112221  
1222111121  1232111111  1111112221  1122112111  

1232111111  1222111121  1122112111  1121112211  1111112221  
1222111121  1232111111  1111112221  1121112211  1122112111  

1232111111  1222111121  1122112111  1121112211  1111112221  
1222111121  1232111111  1111112221  1121112211  1122112111  

1222111111  1211112221  1112112211  1111112321  
1211112221  1111112321  1112112211  1222111111  

1222111111  1211112221  1112112211  1111112321  
1211112221  1111112321  1112112211  1222111111  

1232111111  1222111121  1222112111  1211112221  1112112221  1111112321  
1211112221  1222111121  1112112221  1222112111  1111112321  1232111111  

1232111111  1222111121  1222112111  1211112221  1112112221  1111112321  
1211112221  1222111121  1112112221  1222112111  1111112321  1232111111  

1232111111  1222111121  1222112111  1221112211  1211112221  1112112221  1111112321  
1211112221  1221112211  1222111121  1112112221  1222112111  1111112321  1232111111  

1232111111  1222111121  1222112111  1221112211  1211112221  1112112221  1111112321  
1211112221  1221112211  1222111121  1112112221  1222112111  1111112321  1232111111  

1232111111  1222111121  1222112111  1211112221  1122112211  1112112221  1111112321  
1222112111  1112112221  1122112211  1211112221  1222111121  1111112321  1232111111  

1232111111  1222111121  1222112111  1211112221  1122112211  1112112221  1111112321  
1222112111  1112112221  1122112211  1211112221  1222111121  1111112321  1232111111  

1232111111  1222111121  1222112111  1211112221  1112112221  1111112321  
1112112221  1222112111  1211112221  1222111121  1111112321  1232111111  

1232111111  1222111121  1222112111  1211112221  1112112221  1111112321  
1112112221  1222112111  1211112221  1222111121  1111112321  1232111111  

1222111111  1211112211  1112112221  1111112321  
1112112221  1111112321  1211112211  1222111111  

1222111111  1211112211  1112112221  1111112321  
1112112221  1111112321  1211112211  1222111111  

1232111111  1222111121  1221112111  1121112211  1111112221  
1222111121  1221112111  1111112221  1121112211  1232111111  

1232111111  1222111121  1221112111  1121112211  1111112221  
1222111121  1221112111  1111112221  1121112211  1232111111  

1232111111  1222111121  1221112111  1111112221  
1222111121  1111112221  1221112111  1232111111  

1232111111  1222111121  1221112111  1111112221  
1222111121  1111112221  1221112111  1232111111  

1222111111  1221112111  1211112211  1111112221  
1111112221  1211112211  1221112111  1222111111  

1222111111  1221112111  1211112211  1111112221  
1111112221  1211112211  1221112111  1222111111  

1222111111  1122111211  1112112211  1211112221  1111112321  
1211112221  1111112321  1112112211  1222111111  1122111211  

1222111111  1122111211  1112112211  1211112221  1111112321  
1211112221  1111112321  1112112211  1222111111  1122111211  

1232111111  1222111121  1222112111  1211112221  1122111221  1112112221  1111112321  
1211112221  1122111221  1222111121  1112112221  1222112111  1111112321  1232111111  

1232111111  1222111121  1222112111  1211112221  1122111221  1112112221  1111112321  
1211112221  1122111221  1222111121  1112112221  1222112111  1111112321  1232111111  

1232111111  1222111121  1222112111  1221112211  1211112221  1122111221  1112112221  1111112321  
1211112221  1221112211  1122111221  1222111121  1112112221  1222112111  1111112321  1232111111  

1232111111  1222111121  1222112111  1221112211  1211112221  1122111221  1112112221  1111112321  
1211112221  1221112211  1122111221  1222111121  1112112221  1222112111  1111112321  1232111111  

1222111111  1122111211  1112112211  1211112221  1111112321  
1211112221  1111112321  1112112211  1222111111  1122111211  

1222111111  1122111211  1112112211  1211112221  1111112321  
1211112221  1111112321  1112112211  1222111111  1122111211  

1232111111  1222111121  1222112111  1211112221  1122111221  1112112221  1111112321  
1211112221  1122111221  1222111121  1112112221  1222112111  1111112321  1232111111  

1232111111  1222111121  1222112111  1211112221  1122111221  1112112221  1111112321  
1211112221  1122111221  1222111121  1112112221  1222112111  1111112321  1232111111  

1232111111  1222111121  1222112111  1221112211  1211112221  1122111221  1112112221  1111112321  
1211112221  1221112211  1122111221  1222111121  1112112221  1222112111  1111112321  1232111111  

1232111111  1222111121  1222112111  1221112211  1211112221  1122111221  1112112221  1111112321  
1211112221  1221112211  1122111221  1222111121  1112112221  1222112111  1111112321  1232111111  

1232111111  1222112111  1122111121  1111112221  
1222112111  1111112221  1232111111  1122111121  

1232111111  1222112111  1122111121  1111112221  
1222112111  1111112221  1232111111  1122111121  

1232111111  1222112111  1122111121  1111112221  
1222112111  1111112221  1232111111  1122111121  

1232111111  1222112111  1122111121  1111112221  
1222112111  1111112221  1232111111  1122111121  

1122111111  1111112211  
1111112211  1122111111  

1122111111  1111112211  
1111112211  1122111111  

1232111111  1221112111  1122111121  1121112121  1111112221  
1111112221  1221112111  1232111111  1121112121  1122111121  

1232111111  1221112111  1122111121  1121112121  1111112221  
1111112221  1221112111  1232111111  1121112121  1122111121  

1232111111  1221112111  1122111121  1121112121  1111112221  
1111112221  1221112111  1232111111  1121112121  1122111121  

1232111111  1221112111  1122111121  1121112121  1111112221  
1111112221  1221112111  1232111111  1121112121  1122111121  

1122111111  1121112111  1111112211  
1111112211  1121112111  1122111111  

1122111111  1121112111  1111112211  
1111112211  1121112111  1122111111  

1222111111  1122111211  1112111221  1211112221  1111112321  
1211112221  1111112321  1222111111  1122111211  1112111221  

1222111111  1122111211  1112111221  1211112221  1111112321  
1211112221  1111112321  1222111111  1122111211  1112111221  

1222111111  1211112221  1112111221  1111112321  
1211112221  1111112321  1112111221  1222111111  

1222111111  1211112221  1112111221  1111112321  
1211112221  1111112321  1112111221  1222111111  

1222111111  1212111211  1211112211  1112111221  1111112321  
1111112321  1112111221  1211112211  1222111111  1212111211  

1222111111  1212111211  1211112211  1112111221  1111112321  
1111112321  1112111221  1211112211  1222111111  1212111211  

1222111111  1122111211  1112111221  1211112221  1111112321  
1211112221  1111112321  1222111111  1122111211  1112111221  

1222111111  1122111211  1112111221  1211112221  1111112321  
1211112221  1111112321  1222111111  1122111211  1112111221  

1222111111  1211112221  1112111221  1111112321  
1211112221  1111112321  1112111221  1222111111  

1222111111  1211112221  1112111221  1111112321  
1211112221  1111112321  1112111221  1222111111  

1222111111  1212111211  1211112211  1112111221  1111112321  
1111112321  1112111221  1211112211  1222111111  1212111211  

1222111111  1212111211  1211112211  1112111221  1111112321  
1111112321  1112111221  1211112211  1222111111  1212111211  

1222111111  1122111121  1112111221  1111112221  
1111112221  1112111221  1222111111  1122111121  

1222111111  1122111121  1112111221  1111112221  
1111112221  1112111221  1222111111  1122111121  

1222111111  1122111121  1112111221  1111112221  
1111112221  1112111221  1222111111  1122111121  

1222111111  1122111121  1112111221  1111112221  
1111112221  1112111221  1222111111  1122111121  

1122111111  1112111211  1111112211  
1111112211  1122111111  1112111211  

1122111111  1112111211  1111112211  
1111112211  1122111111  1112111211  

1212111111  1211112111  1112111121  1111112121  
1111112121  1112111121  1211112111  1212111111  

1212111111  1211112111  1112111121  1111112121  
1111112121  1112111121  1211112111  1212111111  

1212111111  1211112111  1112111121  1111112121  
1111112121  1112111121  1211112111  1212111111  

1212111111  1211112111  1112111121  1111112121  
1111112121  1112111121  1211112111  1212111111  

1112111111  1111112111  
1111112111  1112111111  

1112111111  1111112111  
1111112111  1112111111  

1221111111  1121111211  1111111221  
1221111111  1111111221  1121111211  

1221111111  1121111211  1111111221  
1221111111  1111111221  1121111211  

1221111111  1111111221  
1111111221  1221111111  

1221111111  1111111221  
1111111221  1221111111  

1221111111  1211111211  1111111221  
1111111221  1211111211  1221111111  

1221111111  1211111211  1111111221  
1111111221  1211111211  1221111111  

1221111111  1121111211  1111111221  
1221111111  1111111221  1121111211  

1221111111  1121111211  1111111221  
1221111111  1111111221  1121111211  

1221111111  1111111221  
1111111221  1221111111  

1221111111  1111111221  
1111111221  1221111111  

1221111111  1211111211  1111111221  
1111111221  1211111211  1221111111  

1221111111  1211111211  1111111221  
1111111221  1211111211  1221111111  

1221111111  1121111121  1111111221  
1111111221  1221111111  1121111121  

1221111111  1121111121  1111111221  
1111111221  1221111111  1121111121  

1221111111  1121111121  1111111221  
1111111221  1221111111  1121111121  

1221111111  1121111121  1111111221  
1111111221  1221111111  1121111121  

1121111111  1111111211  
1111111211  1121111111  

1121111111  1111111211  
1111111211  1121111111  

1211111111  1111111121  
1111111121  1211111111  

1211111111  1111111121  
1111111121  1211111111  

1211111111  1111111121  
1111111121  1211111111  

1211111111  1111111121  
1111111121  1211111111  

1111111111  
1111111111  

1111111111  
1111111111  

1222111111  1122112111  1112112211  1111112221  
1222111111  1122112111  1111112221  1112112211  

1222111111  1122112111  1112112211  1111112221  
1222111111  1122112111  1111112221  1112112211  

1232111111  1222111121  1122112111  1111112221  
1222111121  1232111111  1111112221  1122112111  

1232111111  1222111121  1122112111  1111112221  
1222111121  1232111111  1111112221  1122112111  

1232111111  1222111121  1122112111  1121112211  1111112221  
1222111121  1232111111  1111112221  1121112211  1122112111  

1232111111  1222111121  1122112111  1121112211  1111112221  
1222111121  1232111111  1111112221  1121112211  1122112111  

1222111111  1211112221  1112112211  1111112321  
1211112221  1111112321  1112112211  1222111111  

1222111111  1211112221  1112112211  1111112321  
1211112221  1111112321  1112112211  1222111111  

1232111111  1222111121  1222112111  1211112221  1112112221  1111112321  
1211112221  1222111121  1112112221  1222112111  1111112321  1232111111  

1232111111  1222111121  1222112111  1211112221  1112112221  1111112321  
1211112221  1222111121  1112112221  1222112111  1111112321  1232111111  

1232111111  1222111121  1222112111  1221112211  1211112221  1112112221  1111112321  
1211112221  1221112211  1222111121  1112112221  1222112111  1111112321  1232111111  

1232111111  1222111121  1222112111  1221112211  1211112221  1112112221  1111112321  
1211112221  1221112211  1222111121  1112112221  1222112111  1111112321  1232111111  

1232111111  1222111121  1222112111  1211112221  1122112211  1112112221  1111112321  
1222112111  1112112221  1122112211  1211112221  1222111121  1111112321  1232111111  

1232111111  1222111121  1222112111  1211112221  1122112211  1112112221  1111112321  
1222112111  1112112221  1122112211  1211112221  1222111121  1111112321  1232111111  

1232111111  1222111121  1222112111  1211112221  1112112221  1111112321  
1112112221  1222112111  1211112221  1222111121  1111112321  1232111111  

1232111111  1222111121  1222112111  1211112221  1112112221  1111112321  
1112112221  1222112111  1211112221  1222111121  1111112321  1232111111  

1222111111  1211112211  1112112221  1111112321  
1112112221  1111112321  1211112211  1222111111  

1222111111  1211112211  1112112221  1111112321  
1112112221  1111112321  1211112211  1222111111  

1232111111  1222111121  1221112111  1121112211  1111112221  
1222111121  1221112111  1111112221  1121112211  1232111111  

1232111111  1222111121  1221112111  1121112211  1111112221  
1222111121  1221112111  1111112221  1121112211  1232111111  

1232111111  1222111121  1221112111  1111112221  
1222111121  1111112221  1221112111  1232111111  

1232111111  1222111121  1221112111  1111112221  
1222111121  1111112221  1221112111  1232111111  

1222111111  1221112111  1211112211  1111112221  
1111112221  1211112211  1221112111  1222111111  

1222111111  1221112111  1211112211  1111112221  
1111112221  1211112211  1221112111  1222111111  

1222111111  1122112111  1112112211  1111112221  
1222111111  1122112111  1111112221  1112112211  

1222111111  1122112111  1112112211  1111112221  
1222111111  1122112111  1111112221  1112112211  

1232111111  1222111121  1122112111  1111112221  
1222111121  1232111111  1111112221  1122112111  

1232111111  1222111121  1122112111  1111112221  
1222111121  1232111111  1111112221  1122112111  

1232111111  1222111121  1122112111  1121112211  1111112221  
1222111121  1232111111  1111112221  1121112211  1122112111  

1232111111  1222111121  1122112111  1121112211  1111112221  
1222111121  1232111111  1111112221  1121112211  1122112111  

1222111111  1211112221  1112112211  1111112321  
1211112221  1111112321  1112112211  1222111111  

1222111111  1211112221  1112112211  1111112321  
1211112221  1111112321  1112112211  1222111111  

1232111111  1222111121  1222112111  1211112221  1112112221  1111112321  
1211112221  1222111121  1112112221  1222112111  1111112321  1232111111  

1232111111  1222111121  1222112111  1211112221  1112112221  1111112321  
1211112221  1222111121  1112112221  1222112111  1111112321  1232111111  

1232111111  1222111121  1222112111  1221112211  1211112221  1112112221  1111112321  
1211112221  1221112211  1222111121  1112112221  1222112111  1111112321  1232111111  

1232111111  1222111121  1222112111  1221112211  1211112221  1112112221  1111112321  
1211112221  1221112211  1222111121  1112112221  1222112111  1111112321  1232111111  

1232111111  1222111121  1222112111  1211112221  1122112211  1112112221  1111112321  
1222112111  1112112221  1122112211  1211112221  1222111121  1111112321  1232111111  

1232111111  1222111121  1222112111  1211112221  1122112211  1112112221  1111112321  
1222112111  1112112221  1122112211  1211112221  1222111121  1111112321  1232111111  

1232111111  1222111121  1222112111  1211112221  1112112221  1111112321  
1112112221  1222112111  1211112221  1222111121  1111112321  1232111111  

1232111111  1222111121  1222112111  1211112221  1112112221  1111112321  
1112112221  1222112111  1211112221  1222111121  1111112321  1232111111  

1222111111  1211112211  1112112221  1111112321  
1112112221  1111112321  1211112211  1222111111  

1222111111  1211112211  1112112221  1111112321  
1112112221  1111112321  1211112211  1222111111  

1232111111  1222111121  1221112111  1121112211  1111112221  
1222111121  1221112111  1111112221  1121112211  1232111111  

1232111111  1222111121  1221112111  1121112211  1111112221  
1222111121  1221112111  1111112221  1121112211  1232111111  

1232111111  1222111121  1221112111  1111112221  
1222111121  1111112221  1221112111  1232111111  

1232111111  1222111121  1221112111  1111112221  
1222111121  1111112221  1221112111  1232111111  

1222111111  1221112111  1211112211  1111112221  
1111112221  1211112211  1221112111  1222111111  

1222111111  1221112111  1211112211  1111112221  
1111112221  1211112211  1221112111  1222111111  

1222111111  1122111211  1112112211  1211112221  1111112321  
1211112221  1111112321  1112112211  1222111111  1122111211  

1222111111  1122111211  1112112211  1211112221  1111112321  
1211112221  1111112321  1112112211  1222111111  1122111211  

1232111111  1222111121  1222112111  1211112221  1122111221  1112112221  1111112321  
1211112221  1122111221  1222111121  1112112221  1222112111  1111112321  1232111111  

1232111111  1222111121  1222112111  1211112221  1122111221  1112112221  1111112321  
1211112221  1122111221  1222111121  1112112221  1222112111  1111112321  1232111111  

1232111111  1222111121  1222112111  1221112211  1211112221  1122111221  1112112221  1111112321  
1211112221  1221112211  1122111221  1222111121  1112112221  1222112111  1111112321  1232111111  

1232111111  1222111121  1222112111  1221112211  1211112221  1122111221  1112112221  1111112321  
1211112221  1221112211  1122111221  1222111121  1112112221  1222112111  1111112321  1232111111  

1222111111  1122111211  1112112211  1211112221  1111112321  
1211112221  1111112321  1112112211  1222111111  1122111211  

1222111111  1122111211  1112112211  1211112221  1111112321  
1211112221  1111112321  1112112211  1222111111  1122111211  

1232111111  1222111121  1222112111  1211112221  1122111221  1112112221  1111112321  
1211112221  1122111221  1222111121  1112112221  1222112111  1111112321  1232111111  

1232111111  1222111121  1222112111  1211112221  1122111221  1112112221  1111112321  
1211112221  1122111221  1222111121  1112112221  1222112111  1111112321  1232111111  

1232111111  1222111121  1222112111  1221112211  1211112221  1122111221  1112112221  1111112321  
1211112221  1221112211  1122111221  1222111121  1112112221  1222112111  1111112321  1232111111  

1232111111  1222111121  1222112111  1221112211  1211112221  1122111221  1112112221  1111112321  
1211112221  1221112211  1122111221  1222111121  1112112221  1222112111  1111112321  1232111111  

1232111111  1222112111  1122111121  1111112221  
1222112111  1111112221  1232111111  1122111121  

1232111111  1222112111  1122111121  1111112221  
1222112111  1111112221  1232111111  1122111121  

1232111111  1222112111  1122111121  1111112221  
1222112111  1111112221  1232111111  1122111121  

1232111111  1222112111  1122111121  1111112221  
1222112111  1111112221  1232111111  1122111121  

1122111111  1111112211  
1111112211  1122111111  

1122111111  1111112211  
1111112211  1122111111  

1232111111  1221112111  1122111121  1121112121  1111112221  
1111112221  1221112111  1232111111  1121112121  1122111121  

1232111111  1221112111  1122111121  1121112121  1111112221  
1111112221  1221112111  1232111111  1121112121  1122111121  

1232111111  1221112111  1122111121  1121112121  1111112221  
1111112221  1221112111  1232111111  1121112121  1122111121  

1232111111  1221112111  1122111121  1121112121  1111112221  
1111112221  1221112111  1232111111  1121112121  1122111121  

1122111111  1121112111  1111112211  
1111112211  1121112111  1122111111  

1122111111  1121112111  1111112211  
1111112211  1121112111  1122111111  

1222111111  1122111211  1112111221  1211112221  1111112321  
1211112221  1111112321  1222111111  1122111211  1112111221  

1222111111  1122111211  1112111221  1211112221  1111112321  
1211112221  1111112321  1222111111  1122111211  1112111221  

1222111111  1211112221  1112111221  1111112321  
1211112221  1111112321  1112111221  1222111111  

1222111111  1211112221  1112111221  1111112321  
1211112221  1111112321  1112111221  1222111111  

1222111111  1212111211  1211112211  1112111221  1111112321  
1111112321  1112111221  1211112211  1222111111  1212111211  

1222111111  1212111211  1211112211  1112111221  1111112321  
1111112321  1112111221  1211112211  1222111111  1212111211  

1222111111  1122111211  1112111221  1211112221  1111112321  
1211112221  1111112321  1222111111  1122111211  1112111221  

1222111111  1122111211  1112111221  1211112221  1111112321  
1211112221  1111112321  1222111111  1122111211  1112111221  

1222111111  1211112221  1112111221  1111112321  
1211112221  1111112321  1112111221  1222111111  

1222111111  1211112221  1112111221  1111112321  
1211112221  1111112321  1112111221  1222111111  

1222111111  1212111211  1211112211  1112111221  1111112321  
1111112321  1112111221  1211112211  1222111111  1212111211  

1222111111  1212111211  1211112211  1112111221  1111112321  
1111112321  1112111221  1211112211  1222111111  1212111211  

1222111111  1122111121  1112111221  1111112221  
1111112221  1112111221  1222111111  1122111121  

1222111111  1122111121  1112111221  1111112221  
1111112221  1112111221  1222111111  1122111121  

1222111111  1122111121  1112111221  1111112221  
1111112221  1112111221  1222111111  1122111121  

1222111111  1122111121  1112111221  1111112221  
1111112221  1112111221  1222111111  1122111121  

1122111111  1112111211  1111112211  
1111112211  1122111111  1112111211  

1122111111  1112111211  1111112211  
1111112211  1122111111  1112111211  

1212111111  1211112111  1112111121  1111112121  
1111112121  1112111121  1211112111  1212111111  

1212111111  1211112111  1112111121  1111112121  
1111112121  1112111121  1211112111  1212111111  

1212111111  1211112111  1112111121  1111112121  
1111112121  1112111121  1211112111  1212111111  

1212111111  1211112111  1112111121  1111112121  
1111112121  1112111121  1211112111  1212111111  

1112111111  1111112111  
1111112111  1112111111  

1112111111  1111112111  
1111112111  1112111111  

1221111111  1121111211  1111111221  
1221111111  1111111221  1121111211  

1221111111  1121111211  1111111221  
1221111111  1111111221  1121111211  

1221111111  1111111221  
1111111221  1221111111  

1221111111  1111111221  
1111111221  1221111111  

1221111111  1211111211  1111111221  
1111111221  1211111211  1221111111  

1221111111  1211111211  1111111221  
1111111221  1211111211  1221111111  

1221111111  1121111211  1111111221  
1221111111  1111111221  1121111211  

1221111111  1121111211  1111111221  
1221111111  1111111221  1121111211  

1221111111  1111111221  
1111111221  1221111111  

1221111111  1111111221  
1111111221  1221111111  

1221111111  1211111211  1111111221  
1111111221  1211111211  1221111111  

1221111111  1211111211  1111111221  
1111111221  1211111211  1221111111  

1221111111  1121111121  1111111221  
1111111221  1221111111  1121111121  

1221111111  1121111121  1111111221  
1111111221  1221111111  1121111121  

1221111111  1121111121  1111111221  
1111111221  1221111111  1121111121  

1221111111  1121111121  1111111221  
1111111221  1221111111  1121111121  

1121111111  1111111211  
1111111211  1121111111  

1121111111  1111111211  
1111111211  1121111111  

1211111111  1111111121  
1111111121  1211111111  

1211111111  1111111121  
1111111121  1211111111  

1211111111  1111111121  
1111111121  1211111111  

1211111111  1111111121  
1111111121  1211111111  

1111111111  
1111111111  

1111111111  
1111111111  


------ PRINTING ------

Time elapsed= 0.332248

------ PRINTING ------

++++++++++++++++++++++++ END OF PROGRAM ++++++++++++++++++++++++
