
++++++++++++++++++++++++ BEGIN OF PROGRAM ++++++++++++++++++++++++
123456:"
1111111111
123465:"
1111111111
123546:#
1112111111
1111111121
123564:#
1112111111
1111111121
123645:#
1112111111
1111111121
123654:#
1112111111
1111111121
124356:#
1121111111
1111111211
124365:#
1121111111
1111111211
124536:$
1122111111
1121111121
1111111221
124563:$
1122111111
1121111121
1111111221
124635:$
1122111111
1121111121
1111111221
124653:$
1122111111
1121111121
1111111221
125346:$
1122111111
1112111211
1111111221
125364:$
1122111111
1112111211
1111111221
125436:#
1122111111
1111111221
125463:#
1122111111
1111111221
125634:$
1122111111
1121111211
1111111221
125643:$
1122111111
1121111211
1111111221
126345:$
1122111111
1112111211
1111111221
126354:$
1122111111
1112111211
1111111221
126435:#
1122111111
1111111221
126453:#
1122111111
1111111221
126534:$
1122111111
1121111211
1111111221
126543:$
1122111111
1121111211
1111111221
132456:#
1211111111
1111112111
132465:#
1211111111
1111112111
132546:%
1212111111
1211111121
1112112111
1111112121
132564:%
1212111111
1211111121
1112112111
1111112121
132645:%
1212111111
1211111121
1112112111
1111112121
132654:%
1212111111
1211111121
1112112111
1111112121
134256:$
1221111111
1211111211
1111112211
134265:$
1221111111
1211111211
1111112211
134526:%
1222111111
1221111121
1211111221
1111112221
134562:%
1222111111
1221111121
1211111221
1111112221
134625:%
1222111111
1221111121
1211111221
1111112221
134652:%
1222111111
1221111121
1211111221
1111112221
135246:&
1222111111
1212111211
1211111221
1112112211
1111112321
135264:&
1222111111
1212111211
1211111221
1112112211
1111112321
135426:%
1222111111
1211111221
1112112221
1111112321
135462:%
1222111111
1211111221
1112112221
1111112321
135624:&
1222111111
1221111211
1211111221
1112112221
1111112321
135642:&
1222111111
1221111211
1211111221
1112112221
1111112321
136245:&
1222111111
1212111211
1211111221
1112112211
1111112321
136254:&
1222111111
1212111211
1211111221
1112112211
1111112321
136425:%
1222111111
1211111221
1112112221
1111112321
136452:%
1222111111
1211111221
1112112221
1111112321
136524:&
1222111111
1221111211
1211111221
1112112221
1111112321
136542:&
1222111111
1221111211
1211111221
1112112221
1111112321
142356:$
1221111111
1121112111
1111112211
142365:$
1221111111
1121112111
1111112211
142536:&
1232111111
1221111121
1122112111
1121112121
1111112221
142563:&
1232111111
1221111121
1122112111
1121112121
1111112221
142635:&
1232111111
1221111121
1122112111
1121112121
1111112221
142653:&
1232111111
1221111121
1122112111
1121112121
1111112221
143256:#
1221111111
1111112211
143265:#
1221111111
1111112211
143526:%
1232111111
1222112111
1221111121
1111112221
143562:%
1232111111
1222112111
1221111121
1111112221
143625:%
1232111111
1222112111
1221111121
1111112221
143652:%
1232111111
1222112111
1221111121
1111112221
145236:)
1232111111
1222111121
1222112111
1221111221
1211112221
1122112211
1112112221
1111112321
145263:)
1232111111
1222111121
1222112111
1221111221
1211112221
1122112211
1112112221
1111112321
145326:(
1232111111
1222111121
1222112111
1221111221
1211112221
1112112221
1111112321
145362:(
1232111111
1222111121
1222112111
1221111221
1211112221
1112112221
1111112321
145623:&
1222111111
1221111211
1211112211
1112112221
1111112321
145632:&
1222111111
1221111211
1211112211
1112112221
1111112321
146235:)
1232111111
1222111121
1222112111
1221111221
1211112221
1122112211
1112112221
1111112321
146253:)
1232111111
1222111121
1222112111
1221111221
1211112221
1122112211
1112112221
1111112321
146325:(
1232111111
1222111121
1222112111
1221111221
1211112221
1112112221
1111112321
146352:(
1232111111
1222111121
1222112111
1221111221
1211112221
1112112221
1111112321
146523:&
1222111111
1221111211
1211112211
1112112221
1111112321
146532:&
1222111111
1221111211
1211112211
1112112221
1111112321
152346:%
1222111111
1122112111
1112112211
1111112221
152364:%
1222111111
1122112111
1112112211
1111112221
152436:%
1232111111
1222111121
1122112111
1111112221
152463:%
1232111111
1222111121
1122112111
1111112221
152634:&
1232111111
1222111121
1122112111
1121112211
1111112221
152643:&
1232111111
1222111121
1122112111
1121112211
1111112221
153246:%
1222111111
1211112221
1112112211
1111112321
153264:%
1222111111
1211112221
1112112211
1111112321
153426:'
1232111111
1222111121
1222112111
1211112221
1112112221
1111112321
153462:'
1232111111
1222111121
1222112111
1211112221
1112112221
1111112321
153624:(
1232111111
1222111121
1222112111
1221112211
1211112221
1112112221
1111112321
153642:(
1232111111
1222111121
1222112111
1221112211
1211112221
1112112221
1111112321
154236:(
1232111111
1222111121
1222112111
1211112221
1122112211
1112112221
1111112321
154263:(
1232111111
1222111121
1222112111
1211112221
1122112211
1112112221
1111112321
154326:'
1232111111
1222111121
1222112111
1211112221
1112112221
1111112321
154362:'
1232111111
1222111121
1222112111
1211112221
1112112221
1111112321
154623:%
1222111111
1211112211
1112112221
1111112321
154632:%
1222111111
1211112211
1112112221
1111112321
156234:&
1232111111
1222111121
1221112111
1121112211
1111112221
156243:&
1232111111
1222111121
1221112111
1121112211
1111112221
156324:%
1232111111
1222111121
1221112111
1111112221
156342:%
1232111111
1222111121
1221112111
1111112221
156423:%
1222111111
1221112111
1211112211
1111112221
156432:%
1222111111
1221112111
1211112211
1111112221
162345:%
1222111111
1122112111
1112112211
1111112221
162354:%
1222111111
1122112111
1112112211
1111112221
162435:%
1232111111
1222111121
1122112111
1111112221
162453:%
1232111111
1222111121
1122112111
1111112221
162534:&
1232111111
1222111121
1122112111
1121112211
1111112221
162543:&
1232111111
1222111121
1122112111
1121112211
1111112221
163245:%
1222111111
1211112221
1112112211
1111112321
163254:%
1222111111
1211112221
1112112211
1111112321
163425:'
1232111111
1222111121
1222112111
1211112221
1112112221
1111112321
163452:'
1232111111
1222111121
1222112111
1211112221
1112112221
1111112321
163524:(
1232111111
1222111121
1222112111
1221112211
1211112221
1112112221
1111112321
163542:(
1232111111
1222111121
1222112111
1221112211
1211112221
1112112221
1111112321
164235:(
1232111111
1222111121
1222112111
1211112221
1122112211
1112112221
1111112321
164253:(
1232111111
1222111121
1222112111
1211112221
1122112211
1112112221
1111112321
164325:'
1232111111
1222111121
1222112111
1211112221
1112112221
1111112321
164352:'
1232111111
1222111121
1222112111
1211112221
1112112221
1111112321
164523:%
1222111111
1211112211
1112112221
1111112321
164532:%
1222111111
1211112211
1112112221
1111112321
165234:&
1232111111
1222111121
1221112111
1121112211
1111112221
165243:&
1232111111
1222111121
1221112111
1121112211
1111112221
165324:%
1232111111
1222111121
1221112111
1111112221
165342:%
1232111111
1222111121
1221112111
1111112221
165423:%
1222111111
1221112111
1211112211
1111112221
165432:%
1222111111
1221112111
1211112211
1111112221
213456:"
1111111111
213465:"
1111111111
213546:#
1112111111
1111111121
213564:#
1112111111
1111111121
213645:#
1112111111
1111111121
213654:#
1112111111
1111111121
214356:#
1121111111
1111111211
214365:#
1121111111
1111111211
214536:$
1122111111
1121111121
1111111221
214563:$
1122111111
1121111121
1111111221
214635:$
1122111111
1121111121
1111111221
214653:$
1122111111
1121111121
1111111221
215346:$
1122111111
1112111211
1111111221
215364:$
1122111111
1112111211
1111111221
215436:#
1122111111
1111111221
215463:#
1122111111
1111111221
215634:$
1122111111
1121111211
1111111221
215643:$
1122111111
1121111211
1111111221
216345:$
1122111111
1112111211
1111111221
216354:$
1122111111
1112111211
1111111221
216435:#
1122111111
1111111221
216453:#
1122111111
1111111221
216534:$
1122111111
1121111211
1111111221
216543:$
1122111111
1121111211
1111111221
231456:#
1211111111
1111112111
231465:#
1211111111
1111112111
231546:%
1212111111
1211111121
1112112111
1111112121
231564:%
1212111111
1211111121
1112112111
1111112121
231645:%
1212111111
1211111121
1112112111
1111112121
231654:%
1212111111
1211111121
1112112111
1111112121
234156:$
1221111111
1211111211
1111112211
234165:$
1221111111
1211111211
1111112211
234516:%
1222111111
1221111121
1211111221
1111112221
234561:%
1222111111
1221111121
1211111221
1111112221
234615:%
1222111111
1221111121
1211111221
1111112221
234651:%
1222111111
1221111121
1211111221
1111112221
235146:&
1222111111
1212111211
1211111221
1112112211
1111112321
235164:&
1222111111
1212111211
1211111221
1112112211
1111112321
235416:%
1222111111
1211111221
1112112221
1111112321
235461:%
1222111111
1211111221
1112112221
1111112321
235614:&
1222111111
1221111211
1211111221
1112112221
1111112321
235641:&
1222111111
1221111211
1211111221
1112112221
1111112321
236145:&
1222111111
1212111211
1211111221
1112112211
1111112321
236154:&
1222111111
1212111211
1211111221
1112112211
1111112321
236415:%
1222111111
1211111221
1112112221
1111112321
236451:%
1222111111
1211111221
1112112221
1111112321
236514:&
1222111111
1221111211
1211111221
1112112221
1111112321
236541:&
1222111111
1221111211
1211111221
1112112221
1111112321
241356:$
1221111111
1121112111
1111112211
241365:$
1221111111
1121112111
1111112211
241536:&
1232111111
1221111121
1122112111
1121112121
1111112221
241563:&
1232111111
1221111121
1122112111
1121112121
1111112221
241635:&
1232111111
1221111121
1122112111
1121112121
1111112221
241653:&
1232111111
1221111121
1122112111
1121112121
1111112221
243156:#
1221111111
1111112211
243165:#
1221111111
1111112211
243516:%
1232111111
1222112111
1221111121
1111112221
243561:%
1232111111
1222112111
1221111121
1111112221
243615:%
1232111111
1222112111
1221111121
1111112221
243651:%
1232111111
1222112111
1221111121
1111112221
245136:)
1232111111
1222111121
1222112111
1221111221
1211112221
1122112211
1112112221
1111112321
245163:)
1232111111
1222111121
1222112111
1221111221
1211112221
1122112211
1112112221
1111112321
245316:(
1232111111
1222111121
1222112111
1221111221
1211112221
1112112221
1111112321
245361:(
1232111111
1222111121
1222112111
1221111221
1211112221
1112112221
1111112321
245613:&
1222111111
1221111211
1211112211
1112112221
1111112321
245631:&
1222111111
1221111211
1211112211
1112112221
1111112321
246135:)
1232111111
1222111121
1222112111
1221111221
1211112221
1122112211
1112112221
1111112321
246153:)
1232111111
1222111121
1222112111
1221111221
1211112221
1122112211
1112112221
1111112321
246315:(
1232111111
1222111121
1222112111
1221111221
1211112221
1112112221
1111112321
246351:(
1232111111
1222111121
1222112111
1221111221
1211112221
1112112221
1111112321
246513:&
1222111111
1221111211
1211112211
1112112221
1111112321
246531:&
1222111111
1221111211
1211112211
1112112221
1111112321
251346:%
1222111111
1122112111
1112112211
1111112221
251364:%
1222111111
1122112111
1112112211
1111112221
251436:%
1232111111
1222111121
1122112111
1111112221
251463:%
1232111111
1222111121
1122112111
1111112221
251634:&
1232111111
1222111121
1122112111
1121112211
1111112221
251643:&
1232111111
1222111121
1122112111
1121112211
1111112221
253146:%
1222111111
1211112221
1112112211
1111112321
253164:%
1222111111
1211112221
1112112211
1111112321
253416:'
1232111111
1222111121
1222112111
1211112221
1112112221
1111112321
253461:'
1232111111
1222111121
1222112111
1211112221
1112112221
1111112321
253614:(
1232111111
1222111121
1222112111
1221112211
1211112221
1112112221
1111112321
253641:(
1232111111
1222111121
1222112111
1221112211
1211112221
1112112221
1111112321
254136:(
1232111111
1222111121
1222112111
1211112221
1122112211
1112112221
1111112321
254163:(
1232111111
1222111121
1222112111
1211112221
1122112211
1112112221
1111112321
254316:'
1232111111
1222111121
1222112111
1211112221
1112112221
1111112321
254361:'
1232111111
1222111121
1222112111
1211112221
1112112221
1111112321
254613:%
1222111111
1211112211
1112112221
1111112321
254631:%
1222111111
1211112211
1112112221
1111112321
256134:&
1232111111
1222111121
1221112111
1121112211
1111112221
256143:&
1232111111
1222111121
1221112111
1121112211
1111112221
256314:%
1232111111
1222111121
1221112111
1111112221
256341:%
1232111111
1222111121
1221112111
1111112221
256413:%
1222111111
1221112111
1211112211
1111112221
256431:%
1222111111
1221112111
1211112211
1111112221
261345:%
1222111111
1122112111
1112112211
1111112221
261354:%
1222111111
1122112111
1112112211
1111112221
261435:%
1232111111
1222111121
1122112111
1111112221
261453:%
1232111111
1222111121
1122112111
1111112221
261534:&
1232111111
1222111121
1122112111
1121112211
1111112221
261543:&
1232111111
1222111121
1122112111
1121112211
1111112221
263145:%
1222111111
1211112221
1112112211
1111112321
263154:%
1222111111
1211112221
1112112211
1111112321
263415:'
1232111111
1222111121
1222112111
1211112221
1112112221
1111112321
263451:'
1232111111
1222111121
1222112111
1211112221
1112112221
1111112321
263514:(
1232111111
1222111121
1222112111
1221112211
1211112221
1112112221
1111112321
263541:(
1232111111
1222111121
1222112111
1221112211
1211112221
1112112221
1111112321
264135:(
1232111111
1222111121
1222112111
1211112221
1122112211
1112112221
1111112321
264153:(
1232111111
1222111121
1222112111
1211112221
1122112211
1112112221
1111112321
264315:'
1232111111
1222111121
1222112111
1211112221
1112112221
1111112321
264351:'
1232111111
1222111121
1222112111
1211112221
1112112221
1111112321
264513:%
1222111111
1211112211
1112112221
1111112321
264531:%
1222111111
1211112211
1112112221
1111112321
265134:&
1232111111
1222111121
1221112111
1121112211
1111112221
265143:&
1232111111
1222111121
1221112111
1121112211
1111112221
265314:%
1232111111
1222111121
1221112111
1111112221
265341:%
1232111111
1222111121
1221112111
1111112221
265413:%
1222111111
1221112111
1211112211
1111112221
265431:%
1222111111
1221112111
1211112211
1111112221
312456:#
1211111111
1111112111
312465:#
1211111111
1111112111
312546:%
1212111111
1211111121
1112112111
1111112121
312564:%
1212111111
1211111121
1112112111
1111112121
312645:%
1212111111
1211111121
1112112111
1111112121
312654:%
1212111111
1211111121
1112112111
1111112121
314256:$
1221111111
1211111211
1111112211
314265:$
1221111111
1211111211
1111112211
314526:%
1222111111
1221111121
1211111221
1111112221
314562:%
1222111111
1221111121
1211111221
1111112221
314625:%
1222111111
1221111121
1211111221
1111112221
314652:%
1222111111
1221111121
1211111221
1111112221
315246:&
1222111111
1212111211
1211111221
1112112211
1111112321
315264:&
1222111111
1212111211
1211111221
1112112211
1111112321
315426:%
1222111111
1211111221
1112112221
1111112321
315462:%
1222111111
1211111221
1112112221
1111112321
315624:&
1222111111
1221111211
1211111221
1112112221
1111112321
315642:&
1222111111
1221111211
1211111221
1112112221
1111112321
316245:&
1222111111
1212111211
1211111221
1112112211
1111112321
316254:&
1222111111
1212111211
1211111221
1112112211
1111112321
316425:%
1222111111
1211111221
1112112221
1111112321
316452:%
1222111111
1211111221
1112112221
1111112321
316524:&
1222111111
1221111211
1211111221
1112112221
1111112321
316542:&
1222111111
1221111211
1211111221
1112112221
1111112321
321456:#
1211111111
1111112111
321465:#
1211111111
1111112111
321546:%
1212111111
1211111121
1112112111
1111112121
321564:%
1212111111
1211111121
1112112111
1111112121
321645:%
1212111111
1211111121
1112112111
1111112121
321654:%
1212111111
1211111121
1112112111
1111112121
324156:$
1221111111
1211111211
1111112211
324165:$
1221111111
1211111211
1111112211
324516:%
1222111111
1221111121
1211111221
1111112221
324561:%
1222111111
1221111121
1211111221
1111112221
324615:%
1222111111
1221111121
1211111221
1111112221
324651:%
1222111111
1221111121
1211111221
1111112221
325146:&
1222111111
1212111211
1211111221
1112112211
1111112321
325164:&
1222111111
1212111211
1211111221
1112112211
1111112321
325416:%
1222111111
1211111221
1112112221
1111112321
325461:%
1222111111
1211111221
1112112221
1111112321
325614:&
1222111111
1221111211
1211111221
1112112221
1111112321
325641:&
1222111111
1221111211
1211111221
1112112221
1111112321
326145:&
1222111111
1212111211
1211111221
1112112211
1111112321
326154:&
1222111111
1212111211
1211111221
1112112211
1111112321
326415:%
1222111111
1211111221
1112112221
1111112321
326451:%
1222111111
1211111221
1112112221
1111112321
326514:&
1222111111
1221111211
1211111221
1112112221
1111112321
326541:&
1222111111
1221111211
1211111221
1112112221
1111112321
341256:$
1221111111
1121111211
1111112211
341265:$
1221111111
1121111211
1111112211
341526:&
1232111111
1222112111
1221111121
1121111221
1111112221
341562:&
1232111111
1222112111
1221111121
1121111221
1111112221
341625:&
1232111111
1222112111
1221111121
1121111221
1111112221
341652:&
1232111111
1222112111
1221111121
1121111221
1111112221
342156:$
1221111111
1121111211
1111112211
342165:$
1221111111
1121111211
1111112211
342516:&
1232111111
1222112111
1221111121
1121111221
1111112221
342561:&
1232111111
1222112111
1221111121
1121111221
1111112221
342615:&
1232111111
1222112111
1221111121
1121111221
1111112221
342651:&
1232111111
1222112111
1221111121
1121111221
1111112221
345126:&
1232111111
1222112111
1122111121
1121111221
1111112221
345162:&
1232111111
1222112111
1122111121
1121111221
1111112221
345216:&
1232111111
1222112111
1122111121
1121111221
1111112221
345261:&
1232111111
1222112111
1122111121
1121111221
1111112221
345612:$
1122111111
1121111211
1111112211
345621:$
1122111111
1121111211
1111112211
346125:&
1232111111
1222112111
1122111121
1121111221
1111112221
346152:&
1232111111
1222112111
1122111121
1121111221
1111112221
346215:&
1232111111
1222112111
1122111121
1121111221
1111112221
346251:&
1232111111
1222112111
1122111121
1121111221
1111112221
346512:$
1122111111
1121111211
1111112211
346521:$
1122111111
1121111211
1111112211
351246:&
1222111111
1122111211
1112112211
1211112221
1111112321
351264:&
1222111111
1122111211
1112112211
1211112221
1111112321
351426:(
1232111111
1222111121
1222112111
1211112221
1122111221
1112112221
1111112321
351462:(
1232111111
1222111121
1222112111
1211112221
1122111221
1112112221
1111112321
351624:)
1232111111
1222111121
1222112111
1221112211
1211112221
1122111221
1112112221
1111112321
351642:)
1232111111
1222111121
1222112111
1221112211
1211112221
1122111221
1112112221
1111112321
352146:&
1222111111
1122111211
1112112211
1211112221
1111112321
352164:&
1222111111
1122111211
1112112211
1211112221
1111112321
352416:(
1232111111
1222111121
1222112111
1211112221
1122111221
1112112221
1111112321
352461:(
1232111111
1222111121
1222112111
1211112221
1122111221
1112112221
1111112321
352614:)
1232111111
1222111121
1222112111
1221112211
1211112221
1122111221
1112112221
1111112321
352641:)
1232111111
1222111121
1222112111
1221112211
1211112221
1122111221
1112112221
1111112321
354126:%
1232111111
1222112111
1122111121
1111112221
354162:%
1232111111
1222112111
1122111121
1111112221
354216:%
1232111111
1222112111
1122111121
1111112221
354261:%
1232111111
1222112111
1122111121
1111112221
354612:#
1122111111
1111112211
354621:#
1122111111
1111112211
356124:&
1232111111
1221112111
1122111121
1121112121
1111112221
356142:&
1232111111
1221112111
1122111121
1121112121
1111112221
356214:&
1232111111
1221112111
1122111121
1121112121
1111112221
356241:&
1232111111
1221112111
1122111121
1121112121
1111112221
356412:$
1122111111
1121112111
1111112211
356421:$
1122111111
1121112111
1111112211
361245:&
1222111111
1122111211
1112112211
1211112221
1111112321
361254:&
1222111111
1122111211
1112112211
1211112221
1111112321
361425:(
1232111111
1222111121
1222112111
1211112221
1122111221
1112112221
1111112321
361452:(
1232111111
1222111121
1222112111
1211112221
1122111221
1112112221
1111112321
361524:)
1232111111
1222111121
1222112111
1221112211
1211112221
1122111221
1112112221
1111112321
361542:)
1232111111
1222111121
1222112111
1221112211
1211112221
1122111221
1112112221
1111112321
362145:&
1222111111
1122111211
1112112211
1211112221
1111112321
362154:&
1222111111
1122111211
1112112211
1211112221
1111112321
362415:(
1232111111
1222111121
1222112111
1211112221
1122111221
1112112221
1111112321
362451:(
1232111111
1222111121
1222112111
1211112221
1122111221
1112112221
1111112321
362514:)
1232111111
1222111121
1222112111
1221112211
1211112221
1122111221
1112112221
1111112321
362541:)
1232111111
1222111121
1222112111
1221112211
1211112221
1122111221
1112112221
1111112321
364125:%
1232111111
1222112111
1122111121
1111112221
364152:%
1232111111
1222112111
1122111121
1111112221
364215:%
1232111111
1222112111
1122111121
1111112221
364251:%
1232111111
1222112111
1122111121
1111112221
364512:#
1122111111
1111112211
364521:#
1122111111
1111112211
365124:&
1232111111
1221112111
1122111121
1121112121
1111112221
365142:&
1232111111
1221112111
1122111121
1121112121
1111112221
365214:&
1232111111
1221112111
1122111121
1121112121
1111112221
365241:&
1232111111
1221112111
1122111121
1121112121
1111112221
365412:$
1122111111
1121112111
1111112211
365421:$
1122111111
1121112111
1111112211
412356:$
1221111111
1121112111
1111112211
412365:$
1221111111
1121112111
1111112211
412536:&
1232111111
1221111121
1122112111
1121112121
1111112221
412563:&
1232111111
1221111121
1122112111
1121112121
1111112221
412635:&
1232111111
1221111121
1122112111
1121112121
1111112221
412653:&
1232111111
1221111121
1122112111
1121112121
1111112221
413256:#
1221111111
1111112211
413265:#
1221111111
1111112211
413526:%
1232111111
1222112111
1221111121
1111112221
413562:%
1232111111
1222112111
1221111121
1111112221
413625:%
1232111111
1222112111
1221111121
1111112221
413652:%
1232111111
1222112111
1221111121
1111112221
415236:)
1232111111
1222111121
1222112111
1221111221
1211112221
1122112211
1112112221
1111112321
415263:)
1232111111
1222111121
1222112111
1221111221
1211112221
1122112211
1112112221
1111112321
415326:(
1232111111
1222111121
1222112111
1221111221
1211112221
1112112221
1111112321
415362:(
1232111111
1222111121
1222112111
1221111221
1211112221
1112112221
1111112321
415623:&
1222111111
1221111211
1211112211
1112112221
1111112321
415632:&
1222111111
1221111211
1211112211
1112112221
1111112321
416235:)
1232111111
1222111121
1222112111
1221111221
1211112221
1122112211
1112112221
1111112321
416253:)
1232111111
1222111121
1222112111
1221111221
1211112221
1122112211
1112112221
1111112321
416325:(
1232111111
1222111121
1222112111
1221111221
1211112221
1112112221
1111112321
416352:(
1232111111
1222111121
1222112111
1221111221
1211112221
1112112221
1111112321
416523:&
1222111111
1221111211
1211112211
1112112221
1111112321
416532:&
1222111111
1221111211
1211112211
1112112221
1111112321
421356:$
1221111111
1121112111
1111112211
421365:$
1221111111
1121112111
1111112211
421536:&
1232111111
1221111121
1122112111
1121112121
1111112221
421563:&
1232111111
1221111121
1122112111
1121112121
1111112221
421635:&
1232111111
1221111121
1122112111
1121112121
1111112221
421653:&
1232111111
1221111121
1122112111
1121112121
1111112221
423156:#
1221111111
1111112211
423165:#
1221111111
1111112211
423516:%
1232111111
1222112111
1221111121
1111112221
423561:%
1232111111
1222112111
1221111121
1111112221
423615:%
1232111111
1222112111
1221111121
1111112221
423651:%
1232111111
1222112111
1221111121
1111112221
425136:)
1232111111
1222111121
1222112111
1221111221
1211112221
1122112211
1112112221
1111112321
425163:)
1232111111
1222111121
1222112111
1221111221
1211112221
1122112211
1112112221
1111112321
425316:(
1232111111
1222111121
1222112111
1221111221
1211112221
1112112221
1111112321
425361:(
1232111111
1222111121
1222112111
1221111221
1211112221
1112112221
1111112321
425613:&
1222111111
1221111211
1211112211
1112112221
1111112321
425631:&
1222111111
1221111211
1211112211
1112112221
1111112321
426135:)
1232111111
1222111121
1222112111
1221111221
1211112221
1122112211
1112112221
1111112321
426153:)
1232111111
1222111121
1222112111
1221111221
1211112221
1122112211
1112112221
1111112321
426315:(
1232111111
1222111121
1222112111
1221111221
1211112221
1112112221
1111112321
426351:(
1232111111
1222111121
1222112111
1221111221
1211112221
1112112221
1111112321
426513:&
1222111111
1221111211
1211112211
1112112221
1111112321
426531:&
1222111111
1221111211
1211112211
1112112221
1111112321
431256:$
1221111111
1121111211
1111112211
431265:$
1221111111
1121111211
1111112211
431526:&
1232111111
1222112111
1221111121
1121111221
1111112221
431562:&
1232111111
1222112111
1221111121
1121111221
1111112221
431625:&
1232111111
1222112111
1221111121
1121111221
1111112221
431652:&
1232111111
1222112111
1221111121
1121111221
1111112221
432156:$
1221111111
1121111211
1111112211
432165:$
1221111111
1121111211
1111112211
432516:&
1232111111
1222112111
1221111121
1121111221
1111112221
432561:&
1232111111
1222112111
1221111121
1121111221
1111112221
432615:&
1232111111
1222112111
1221111121
1121111221
1111112221
432651:&
1232111111
1222112111
1221111121
1121111221
1111112221
435126:&
1232111111
1222112111
1122111121
1121111221
1111112221
435162:&
1232111111
1222112111
1122111121
1121111221
1111112221
435216:&
1232111111
1222112111
1122111121
1121111221
1111112221
435261:&
1232111111
1222112111
1122111121
1121111221
1111112221
435612:$
1122111111
1121111211
1111112211
435621:$
1122111111
1121111211
1111112211
436125:&
1232111111
1222112111
1122111121
1121111221
1111112221
436152:&
1232111111
1222112111
1122111121
1121111221
1111112221
436215:&
1232111111
1222112111
1122111121
1121111221
1111112221
436251:&
1232111111
1222112111
1122111121
1121111221
1111112221
436512:$
1122111111
1121111211
1111112211
436521:$
1122111111
1121111211
1111112211
451236:&
1222111111
1122111211
1112111221
1211112221
1111112321
451263:&
1222111111
1122111211
1112111221
1211112221
1111112321
451326:%
1222111111
1211112221
1112111221
1111112321
451362:%
1222111111
1211112221
1112111221
1111112321
451623:&
1222111111
1212111211
1211112211
1112111221
1111112321
451632:&
1222111111
1212111211
1211112211
1112111221
1111112321
452136:&
1222111111
1122111211
1112111221
1211112221
1111112321
452163:&
1222111111
1122111211
1112111221
1211112221
1111112321
452316:%
1222111111
1211112221
1112111221
1111112321
452361:%
1222111111
1211112221
1112111221
1111112321
452613:&
1222111111
1212111211
1211112211
1112111221
1111112321
452631:&
1222111111
1212111211
1211112211
1112111221
1111112321
453126:%
1222111111
1122111121
1112111221
1111112221
453162:%
1222111111
1122111121
1112111221
1111112221
453216:%
1222111111
1122111121
1112111221
1111112221
453261:%
1222111111
1122111121
1112111221
1111112221
453612:$
1122111111
1112111211
1111112211
453621:$
1122111111
1112111211
1111112211
456123:%
1212111111
1211112111
1112111121
1111112121
456132:%
1212111111
1211112111
1112111121
1111112121
456213:%
1212111111
1211112111
1112111121
1111112121
456231:%
1212111111
1211112111
1112111121
1111112121
456312:#
1112111111
1111112111
456321:#
1112111111
1111112111
461235:&
1222111111
1122111211
1112111221
1211112221
1111112321
461253:&
1222111111
1122111211
1112111221
1211112221
1111112321
461325:%
1222111111
1211112221
1112111221
1111112321
461352:%
1222111111
1211112221
1112111221
1111112321
461523:&
1222111111
1212111211
1211112211
1112111221
1111112321
461532:&
1222111111
1212111211
1211112211
1112111221
1111112321
462135:&
1222111111
1122111211
1112111221
1211112221
1111112321
462153:&
1222111111
1122111211
1112111221
1211112221
1111112321
462315:%
1222111111
1211112221
1112111221
1111112321
462351:%
1222111111
1211112221
1112111221
1111112321
462513:&
1222111111
1212111211
1211112211
1112111221
1111112321
462531:&
1222111111
1212111211
1211112211
1112111221
1111112321
463125:%
1222111111
1122111121
1112111221
1111112221
463152:%
1222111111
1122111121
1112111221
1111112221
463215:%
1222111111
1122111121
1112111221
1111112221
463251:%
1222111111
1122111121
1112111221
1111112221
463512:$
1122111111
1112111211
1111112211
463521:$
1122111111
1112111211
1111112211
465123:%
1212111111
1211112111
1112111121
1111112121
465132:%
1212111111
1211112111
1112111121
1111112121
465213:%
1212111111
1211112111
1112111121
1111112121
465231:%
1212111111
1211112111
1112111121
1111112121
465312:#
1112111111
1111112111
465321:#
1112111111
1111112111
512346:%
1222111111
1122112111
1112112211
1111112221
512364:%
1222111111
1122112111
1112112211
1111112221
512436:%
1232111111
1222111121
1122112111
1111112221
512463:%
1232111111
1222111121
1122112111
1111112221
512634:&
1232111111
1222111121
1122112111
1121112211
1111112221
512643:&
1232111111
1222111121
1122112111
1121112211
1111112221
513246:%
1222111111
1211112221
1112112211
1111112321
513264:%
1222111111
1211112221
1112112211
1111112321
513426:'
1232111111
1222111121
1222112111
1211112221
1112112221
1111112321
513462:'
1232111111
1222111121
1222112111
1211112221
1112112221
1111112321
513624:(
1232111111
1222111121
1222112111
1221112211
1211112221
1112112221
1111112321
513642:(
1232111111
1222111121
1222112111
1221112211
1211112221
1112112221
1111112321
514236:(
1232111111
1222111121
1222112111
1211112221
1122112211
1112112221
1111112321
514263:(
1232111111
1222111121
1222112111
1211112221
1122112211
1112112221
1111112321
514326:'
1232111111
1222111121
1222112111
1211112221
1112112221
1111112321
514362:'
1232111111
1222111121
1222112111
1211112221
1112112221
1111112321
514623:%
1222111111
1211112211
1112112221
1111112321
514632:%
1222111111
1211112211
1112112221
1111112321
516234:&
1232111111
1222111121
1221112111
1121112211
1111112221
516243:&
1232111111
1222111121
1221112111
1121112211
1111112221
516324:%
1232111111
1222111121
1221112111
1111112221
516342:%
1232111111
1222111121
1221112111
1111112221
516423:%
1222111111
1221112111
1211112211
1111112221
516432:%
1222111111
1221112111
1211112211
1111112221
521346:%
1222111111
1122112111
1112112211
1111112221
521364:%
1222111111
1122112111
1112112211
1111112221
521436:%
1232111111
1222111121
1122112111
1111112221
521463:%
1232111111
1222111121
1122112111
1111112221
521634:&
1232111111
1222111121
1122112111
1121112211
1111112221
521643:&
1232111111
1222111121
1122112111
1121112211
1111112221
523146:%
1222111111
1211112221
1112112211
1111112321
523164:%
1222111111
1211112221
1112112211
1111112321
523416:'
1232111111
1222111121
1222112111
1211112221
1112112221
1111112321
523461:'
1232111111
1222111121
1222112111
1211112221
1112112221
1111112321
523614:(
1232111111
1222111121
1222112111
1221112211
1211112221
1112112221
1111112321
523641:(
1232111111
1222111121
1222112111
1221112211
1211112221
1112112221
1111112321
524136:(
1232111111
1222111121
1222112111
1211112221
1122112211
1112112221
1111112321
524163:(
1232111111
1222111121
1222112111
1211112221
1122112211
1112112221
1111112321
524316:'
1232111111
1222111121
1222112111
1211112221
1112112221
1111112321
524361:'
1232111111
1222111121
1222112111
1211112221
1112112221
1111112321
524613:%
1222111111
1211112211
1112112221
1111112321
524631:%
1222111111
1211112211
1112112221
1111112321
526134:&
1232111111
1222111121
1221112111
1121112211
1111112221
526143:&
1232111111
1222111121
1221112111
1121112211
1111112221
526314:%
1232111111
1222111121
1221112111
1111112221
526341:%
1232111111
1222111121
1221112111
1111112221
526413:%
1222111111
1221112111
1211112211
1111112221
526431:%
1222111111
1221112111
1211112211
1111112221
531246:&
1222111111
1122111211
1112112211
1211112221
1111112321
531264:&
1222111111
1122111211
1112112211
1211112221
1111112321
531426:(
1232111111
1222111121
1222112111
1211112221
1122111221
1112112221
1111112321
531462:(
1232111111
1222111121
1222112111
1211112221
1122111221
1112112221
1111112321
531624:)
1232111111
1222111121
1222112111
1221112211
1211112221
1122111221
1112112221
1111112321
531642:)
1232111111
1222111121
1222112111
1221112211
1211112221
1122111221
1112112221
1111112321
532146:&
1222111111
1122111211
1112112211
1211112221
1111112321
532164:&
1222111111
1122111211
1112112211
1211112221
1111112321
532416:(
1232111111
1222111121
1222112111
1211112221
1122111221
1112112221
1111112321
532461:(
1232111111
1222111121
1222112111
1211112221
1122111221
1112112221
1111112321
532614:)
1232111111
1222111121
1222112111
1221112211
1211112221
1122111221
1112112221
1111112321
532641:)
1232111111
1222111121
1222112111
1221112211
1211112221
1122111221
1112112221
1111112321
534126:%
1232111111
1222112111
1122111121
1111112221
534162:%
1232111111
1222112111
1122111121
1111112221
534216:%
1232111111
1222112111
1122111121
1111112221
534261:%
1232111111
1222112111
1122111121
1111112221
534612:#
1122111111
1111112211
534621:#
1122111111
1111112211
536124:&
1232111111
1221112111
1122111121
1121112121
1111112221
536142:&
1232111111
1221112111
1122111121
1121112121
1111112221
536214:&
1232111111
1221112111
1122111121
1121112121
1111112221
536241:&
1232111111
1221112111
1122111121
1121112121
1111112221
536412:$
1122111111
1121112111
1111112211
536421:$
1122111111
1121112111
1111112211
541236:&
1222111111
1122111211
1112111221
1211112221
1111112321
541263:&
1222111111
1122111211
1112111221
1211112221
1111112321
541326:%
1222111111
1211112221
1112111221
1111112321
541362:%
1222111111
1211112221
1112111221
1111112321
541623:&
1222111111
1212111211
1211112211
1112111221
1111112321
541632:&
1222111111
1212111211
1211112211
1112111221
1111112321
542136:&
1222111111
1122111211
1112111221
1211112221
1111112321
542163:&
1222111111
1122111211
1112111221
1211112221
1111112321
542316:%
1222111111
1211112221
1112111221
1111112321
542361:%
1222111111
1211112221
1112111221
1111112321
542613:&
1222111111
1212111211
1211112211
1112111221
1111112321
542631:&
1222111111
1212111211
1211112211
1112111221
1111112321
543126:%
1222111111
1122111121
1112111221
1111112221
543162:%
1222111111
1122111121
1112111221
1111112221
543216:%
1222111111
1122111121
1112111221
1111112221
543261:%
1222111111
1122111121
1112111221
1111112221
543612:$
1122111111
1112111211
1111112211
543621:$
1122111111
1112111211
1111112211
546123:%
1212111111
1211112111
1112111121
1111112121
546132:%
1212111111
1211112111
1112111121
1111112121
546213:%
1212111111
1211112111
1112111121
1111112121
546231:%
1212111111
1211112111
1112111121
1111112121
546312:#
1112111111
1111112111
546321:#
1112111111
1111112111
561234:$
1221111111
1121111211
1111111221
561243:$
1221111111
1121111211
1111111221
561324:#
1221111111
1111111221
561342:#
1221111111
1111111221
561423:$
1221111111
1211111211
1111111221
561432:$
1221111111
1211111211
1111111221
562134:$
1221111111
1121111211
1111111221
562143:$
1221111111
1121111211
1111111221
562314:#
1221111111
1111111221
562341:#
1221111111
1111111221
562413:$
1221111111
1211111211
1111111221
562431:$
1221111111
1211111211
1111111221
563124:$
1221111111
1121111121
1111111221
563142:$
1221111111
1121111121
1111111221
563214:$
1221111111
1121111121
1111111221
563241:$
1221111111
1121111121
1111111221
563412:#
1121111111
1111111211
563421:#
1121111111
1111111211
564123:#
1211111111
1111111121
564132:#
1211111111
1111111121
564213:#
1211111111
1111111121
564231:#
1211111111
1111111121
564312:"
1111111111
564321:"
1111111111
612345:%
1222111111
1122112111
1112112211
1111112221
612354:%
1222111111
1122112111
1112112211
1111112221
612435:%
1232111111
1222111121
1122112111
1111112221
612453:%
1232111111
1222111121
1122112111
1111112221
612534:&
1232111111
1222111121
1122112111
1121112211
1111112221
612543:&
1232111111
1222111121
1122112111
1121112211
1111112221
613245:%
1222111111
1211112221
1112112211
1111112321
613254:%
1222111111
1211112221
1112112211
1111112321
613425:'
1232111111
1222111121
1222112111
1211112221
1112112221
1111112321
613452:'
1232111111
1222111121
1222112111
1211112221
1112112221
1111112321
613524:(
1232111111
1222111121
1222112111
1221112211
1211112221
1112112221
1111112321
613542:(
1232111111
1222111121
1222112111
1221112211
1211112221
1112112221
1111112321
614235:(
1232111111
1222111121
1222112111
1211112221
1122112211
1112112221
1111112321
614253:(
1232111111
1222111121
1222112111
1211112221
1122112211
1112112221
1111112321
614325:'
1232111111
1222111121
1222112111
1211112221
1112112221
1111112321
614352:'
1232111111
1222111121
1222112111
1211112221
1112112221
1111112321
614523:%
1222111111
1211112211
1112112221
1111112321
614532:%
1222111111
1211112211
1112112221
1111112321
615234:&
1232111111
1222111121
1221112111
1121112211
1111112221
615243:&
1232111111
1222111121
1221112111
1121112211
1111112221
615324:%
1232111111
1222111121
1221112111
1111112221
615342:%
1232111111
1222111121
1221112111
1111112221
615423:%
1222111111
1221112111
1211112211
1111112221
615432:%
1222111111
1221112111
1211112211
1111112221
621345:%
1222111111
1122112111
1112112211
1111112221
621354:%
1222111111
1122112111
1112112211
1111112221
621435:%
1232111111
1222111121
1122112111
1111112221
621453:%
1232111111
1222111121
1122112111
1111112221
621534:&
1232111111
1222111121
1122112111
1121112211
1111112221
621543:&
1232111111
1222111121
1122112111
1121112211
1111112221
623145:%
1222111111
1211112221
1112112211
1111112321
623154:%
1222111111
1211112221
1112112211
1111112321
623415:'
1232111111
1222111121
1222112111
1211112221
1112112221
1111112321
623451:'
1232111111
1222111121
1222112111
1211112221
1112112221
1111112321
623514:(
1232111111
1222111121
1222112111
1221112211
1211112221
1112112221
1111112321
623541:(
1232111111
1222111121
1222112111
1221112211
1211112221
1112112221
1111112321
624135:(
1232111111
1222111121
1222112111
1211112221
1122112211
1112112221
1111112321
624153:(
1232111111
1222111121
1222112111
1211112221
1122112211
1112112221
1111112321
624315:'
1232111111
1222111121
1222112111
1211112221
1112112221
1111112321
624351:'
1232111111
1222111121
1222112111
1211112221
1112112221
1111112321
624513:%
1222111111
1211112211
1112112221
1111112321
624531:%
1222111111
1211112211
1112112221
1111112321
625134:&
1232111111
1222111121
1221112111
1121112211
1111112221
625143:&
1232111111
1222111121
1221112111
1121112211
1111112221
625314:%
1232111111
1222111121
1221112111
1111112221
625341:%
1232111111
1222111121
1221112111
1111112221
625413:%
1222111111
1221112111
1211112211
1111112221
625431:%
1222111111
1221112111
1211112211
1111112221
631245:&
1222111111
1122111211
1112112211
1211112221
1111112321
631254:&
1222111111
1122111211
1112112211
1211112221
1111112321
631425:(
1232111111
1222111121
1222112111
1211112221
1122111221
1112112221
1111112321
631452:(
1232111111
1222111121
1222112111
1211112221
1122111221
1112112221
1111112321
631524:)
1232111111
1222111121
1222112111
1221112211
1211112221
1122111221
1112112221
1111112321
631542:)
1232111111
1222111121
1222112111
1221112211
1211112221
1122111221
1112112221
1111112321
632145:&
1222111111
1122111211
1112112211
1211112221
1111112321
632154:&
1222111111
1122111211
1112112211
1211112221
1111112321
632415:(
1232111111
1222111121
1222112111
1211112221
1122111221
1112112221
1111112321
632451:(
1232111111
1222111121
1222112111
1211112221
1122111221
1112112221
1111112321
632514:)
1232111111
1222111121
1222112111
1221112211
1211112221
1122111221
1112112221
1111112321
632541:)
1232111111
1222111121
1222112111
1221112211
1211112221
1122111221
1112112221
1111112321
634125:%
1232111111
1222112111
1122111121
1111112221
634152:%
1232111111
1222112111
1122111121
1111112221
634215:%
1232111111
1222112111
1122111121
1111112221
634251:%
1232111111
1222112111
1122111121
1111112221
634512:#
1122111111
1111112211
634521:#
1122111111
1111112211
635124:&
1232111111
1221112111
1122111121
1121112121
1111112221
635142:&
1232111111
1221112111
1122111121
1121112121
1111112221
635214:&
1232111111
1221112111
1122111121
1121112121
1111112221
635241:&
1232111111
1221112111
1122111121
1121112121
1111112221
635412:$
1122111111
1121112111
1111112211
635421:$
1122111111
1121112111
1111112211
641235:&
1222111111
1122111211
1112111221
1211112221
1111112321
641253:&
1222111111
1122111211
1112111221
1211112221
1111112321
641325:%
1222111111
1211112221
1112111221
1111112321
641352:%
1222111111
1211112221
1112111221
1111112321
641523:&
1222111111
1212111211
1211112211
1112111221
1111112321
641532:&
1222111111
1212111211
1211112211
1112111221
1111112321
642135:&
1222111111
1122111211
1112111221
1211112221
1111112321
642153:&
1222111111
1122111211
1112111221
1211112221
1111112321
642315:%
1222111111
1211112221
1112111221
1111112321
642351:%
1222111111
1211112221
1112111221
1111112321
642513:&
1222111111
1212111211
1211112211
1112111221
1111112321
642531:&
1222111111
1212111211
1211112211
1112111221
1111112321
643125:%
1222111111
1122111121
1112111221
1111112221
643152:%
1222111111
1122111121
1112111221
1111112221
643215:%
1222111111
1122111121
1112111221
1111112221
643251:%
1222111111
1122111121
1112111221
1111112221
643512:$
1122111111
1112111211
1111112211
643521:$
1122111111
1112111211
1111112211
645123:%
1212111111
1211112111
1112111121
1111112121
645132:%
1212111111
1211112111
1112111121
1111112121
645213:%
1212111111
1211112111
1112111121
1111112121
645231:%
1212111111
1211112111
1112111121
1111112121
645312:#
1112111111
1111112111
645321:#
1112111111
1111112111
651234:$
1221111111
1121111211
1111111221
651243:$
1221111111
1121111211
1111111221
651324:#
1221111111
1111111221
651342:#
1221111111
1111111221
651423:$
1221111111
1211111211
1111111221
651432:$
1221111111
1211111211
1111111221
652134:$
1221111111
1121111211
1111111221
652143:$
1221111111
1121111211
1111111221
652314:#
1221111111
1111111221
652341:#
1221111111
1111111221
652413:$
1221111111
1211111211
1111111221
652431:$
1221111111
1211111211
1111111221
653124:$
1221111111
1121111121
1111111221
653142:$
1221111111
1121111121
1111111221
653214:$
1221111111
1121111121
1111111221
653241:$
1221111111
1121111121
1111111221
653412:#
1121111111
1111111211
653421:#
1121111111
1111111211
654123:#
1211111111
1111111121
654132:#
1211111111
1111111121
654213:#
1211111111
1111111121
654231:#
1211111111
1111111121
654312:"
1111111111
654321:"
1111111111

------ PRINTING ------

Time elapsed= 0.00628

------ PRINTING ------

++++++++++++++++++++++++ END OF PROGRAM ++++++++++++++++++++++++
