
++++++++++++++++++++++++ BEGIN OF PROGRAM ++++++++++++++++++++++++
123456:"
1111111111
123465:"
1111111111
123546:#
1111111121
1112111111
123564:#
1111111121
1112111111
123645:#
1111111121
1112111111
123654:#
1111111121
1112111111
124356:#
1111111211
1121111111
124365:#
1111111211
1121111111
124536:$
1111111221
1121111121
1122111111
124563:$
1111111221
1121111121
1122111111
124635:$
1111111221
1121111121
1122111111
124653:$
1111111221
1121111121
1122111111
125346:$
1122111111
1111111221
1112111211
125364:$
1122111111
1111111221
1112111211
125436:#
1111111221
1122111111
125463:#
1111111221
1122111111
125634:$
1111111221
1121111211
1122111111
125643:$
1111111221
1121111211
1122111111
126345:$
1122111111
1111111221
1112111211
126354:$
1122111111
1111111221
1112111211
126435:#
1111111221
1122111111
126453:#
1111111221
1122111111
126534:$
1111111221
1121111211
1122111111
126543:$
1111111221
1121111211
1122111111
132456:#
1111112111
1211111111
132465:#
1111112111
1211111111
132546:%
1111112121
1112112111
1211111121
1212111111
132564:%
1111112121
1112112111
1211111121
1212111111
132645:%
1111112121
1112112111
1211111121
1212111111
132654:%
1111112121
1112112111
1211111121
1212111111
134256:$
1111112211
1211111211
1221111111
134265:$
1111112211
1211111211
1221111111
134526:%
1111112221
1211111221
1221111121
1222111111
134562:%
1111112221
1211111221
1221111121
1222111111
134625:%
1111112221
1211111221
1221111121
1222111111
134652:%
1111112221
1211111221
1221111121
1222111111
135246:&
1111112321
1112112211
1222111111
1211111221
1212111211
135264:&
1111112321
1112112211
1222111111
1211111221
1212111211
135426:%
1112112221
1111112321
1211111221
1222111111
135462:%
1112112221
1111112321
1211111221
1222111111
135624:&
1112112221
1111112321
1211111221
1221111211
1222111111
135642:&
1112112221
1111112321
1211111221
1221111211
1222111111
136245:&
1111112321
1112112211
1222111111
1211111221
1212111211
136254:&
1111112321
1112112211
1222111111
1211111221
1212111211
136425:%
1112112221
1111112321
1211111221
1222111111
136452:%
1112112221
1111112321
1211111221
1222111111
136524:&
1112112221
1111112321
1211111221
1221111211
1222111111
136542:&
1112112221
1111112321
1211111221
1221111211
1222111111
142356:$
1221111111
1111112211
1121112111
142365:$
1221111111
1111112211
1121112111
142536:&
1221111121
1232111111
1111112221
1121112121
1122112111
142563:&
1221111121
1232111111
1111112221
1121112121
1122112111
142635:&
1221111121
1232111111
1111112221
1121112121
1122112111
142653:&
1221111121
1232111111
1111112221
1121112121
1122112111
143256:#
1111112211
1221111111
143265:#
1111112211
1221111111
143526:%
1222112111
1221111121
1111112221
1232111111
143562:%
1222112111
1221111121
1111112221
1232111111
143625:%
1222112111
1221111121
1111112221
1232111111
143652:%
1222112111
1221111121
1111112221
1232111111
145236:)
1222112111
1112112221
1122112211
1211112221
1221111221
1222111121
1111112321
1232111111
145263:)
1222112111
1112112221
1122112211
1211112221
1221111221
1222111121
1111112321
1232111111
145326:(
1112112221
1222112111
1211112221
1221111221
1222111121
1111112321
1232111111
145362:(
1112112221
1222112111
1211112221
1221111221
1222111121
1111112321
1232111111
145623:&
1112112221
1111112321
1211112211
1221111211
1222111111
145632:&
1112112221
1111112321
1211112211
1221111211
1222111111
146235:)
1222112111
1112112221
1122112211
1211112221
1221111221
1222111121
1111112321
1232111111
146253:)
1222112111
1112112221
1122112211
1211112221
1221111221
1222111121
1111112321
1232111111
146325:(
1112112221
1222112111
1211112221
1221111221
1222111121
1111112321
1232111111
146352:(
1112112221
1222112111
1211112221
1221111221
1222111121
1111112321
1232111111
146523:&
1112112221
1111112321
1211112211
1221111211
1222111111
146532:&
1112112221
1111112321
1211112211
1221111211
1222111111
152346:%
1222111111
1122112111
1111112221
1112112211
152364:%
1222111111
1122112111
1111112221
1112112211
152436:%
1222111121
1232111111
1111112221
1122112111
152463:%
1222111121
1232111111
1111112221
1122112111
152634:&
1222111121
1232111111
1111112221
1121112211
1122112111
152643:&
1222111121
1232111111
1111112221
1121112211
1122112111
153246:%
1211112221
1111112321
1112112211
1222111111
153264:%
1211112221
1111112321
1112112211
1222111111
153426:'
1211112221
1222111121
1112112221
1222112111
1111112321
1232111111
153462:'
1211112221
1222111121
1112112221
1222112111
1111112321
1232111111
153624:(
1211112221
1221112211
1222111121
1112112221
1222112111
1111112321
1232111111
153642:(
1211112221
1221112211
1222111121
1112112221
1222112111
1111112321
1232111111
154236:(
1222112111
1112112221
1122112211
1211112221
1222111121
1111112321
1232111111
154263:(
1222112111
1112112221
1122112211
1211112221
1222111121
1111112321
1232111111
154326:'
1112112221
1222112111
1211112221
1222111121
1111112321
1232111111
154362:'
1112112221
1222112111
1211112221
1222111121
1111112321
1232111111
154623:%
1112112221
1111112321
1211112211
1222111111
154632:%
1112112221
1111112321
1211112211
1222111111
156234:&
1222111121
1221112111
1111112221
1121112211
1232111111
156243:&
1222111121
1221112111
1111112221
1121112211
1232111111
156324:%
1222111121
1111112221
1221112111
1232111111
156342:%
1222111121
1111112221
1221112111
1232111111
156423:%
1111112221
1211112211
1221112111
1222111111
156432:%
1111112221
1211112211
1221112111
1222111111
162345:%
1222111111
1122112111
1111112221
1112112211
162354:%
1222111111
1122112111
1111112221
1112112211
162435:%
1222111121
1232111111
1111112221
1122112111
162453:%
1222111121
1232111111
1111112221
1122112111
162534:&
1222111121
1232111111
1111112221
1121112211
1122112111
162543:&
1222111121
1232111111
1111112221
1121112211
1122112111
163245:%
1211112221
1111112321
1112112211
1222111111
163254:%
1211112221
1111112321
1112112211
1222111111
163425:'
1211112221
1222111121
1112112221
1222112111
1111112321
1232111111
163452:'
1211112221
1222111121
1112112221
1222112111
1111112321
1232111111
163524:(
1211112221
1221112211
1222111121
1112112221
1222112111
1111112321
1232111111
163542:(
1211112221
1221112211
1222111121
1112112221
1222112111
1111112321
1232111111
164235:(
1222112111
1112112221
1122112211
1211112221
1222111121
1111112321
1232111111
164253:(
1222112111
1112112221
1122112211
1211112221
1222111121
1111112321
1232111111
164325:'
1112112221
1222112111
1211112221
1222111121
1111112321
1232111111
164352:'
1112112221
1222112111
1211112221
1222111121
1111112321
1232111111
164523:%
1112112221
1111112321
1211112211
1222111111
164532:%
1112112221
1111112321
1211112211
1222111111
165234:&
1222111121
1221112111
1111112221
1121112211
1232111111
165243:&
1222111121
1221112111
1111112221
1121112211
1232111111
165324:%
1222111121
1111112221
1221112111
1232111111
165342:%
1222111121
1111112221
1221112111
1232111111
165423:%
1111112221
1211112211
1221112111
1222111111
165432:%
1111112221
1211112211
1221112111
1222111111
213456:"
1111111111
213465:"
1111111111
213546:#
1111111121
1112111111
213564:#
1111111121
1112111111
213645:#
1111111121
1112111111
213654:#
1111111121
1112111111
214356:#
1111111211
1121111111
214365:#
1111111211
1121111111
214536:$
1111111221
1121111121
1122111111
214563:$
1111111221
1121111121
1122111111
214635:$
1111111221
1121111121
1122111111
214653:$
1111111221
1121111121
1122111111
215346:$
1122111111
1111111221
1112111211
215364:$
1122111111
1111111221
1112111211
215436:#
1111111221
1122111111
215463:#
1111111221
1122111111
215634:$
1111111221
1121111211
1122111111
215643:$
1111111221
1121111211
1122111111
216345:$
1122111111
1111111221
1112111211
216354:$
1122111111
1111111221
1112111211
216435:#
1111111221
1122111111
216453:#
1111111221
1122111111
216534:$
1111111221
1121111211
1122111111
216543:$
1111111221
1121111211
1122111111
231456:#
1111112111
1211111111
231465:#
1111112111
1211111111
231546:%
1111112121
1112112111
1211111121
1212111111
231564:%
1111112121
1112112111
1211111121
1212111111
231645:%
1111112121
1112112111
1211111121
1212111111
231654:%
1111112121
1112112111
1211111121
1212111111
234156:$
1111112211
1211111211
1221111111
234165:$
1111112211
1211111211
1221111111
234516:%
1111112221
1211111221
1221111121
1222111111
234561:%
1111112221
1211111221
1221111121
1222111111
234615:%
1111112221
1211111221
1221111121
1222111111
234651:%
1111112221
1211111221
1221111121
1222111111
235146:&
1111112321
1112112211
1222111111
1211111221
1212111211
235164:&
1111112321
1112112211
1222111111
1211111221
1212111211
235416:%
1112112221
1111112321
1211111221
1222111111
235461:%
1112112221
1111112321
1211111221
1222111111
235614:&
1112112221
1111112321
1211111221
1221111211
1222111111
235641:&
1112112221
1111112321
1211111221
1221111211
1222111111
236145:&
1111112321
1112112211
1222111111
1211111221
1212111211
236154:&
1111112321
1112112211
1222111111
1211111221
1212111211
236415:%
1112112221
1111112321
1211111221
1222111111
236451:%
1112112221
1111112321
1211111221
1222111111
236514:&
1112112221
1111112321
1211111221
1221111211
1222111111
236541:&
1112112221
1111112321
1211111221
1221111211
1222111111
241356:$
1221111111
1111112211
1121112111
241365:$
1221111111
1111112211
1121112111
241536:&
1221111121
1232111111
1111112221
1121112121
1122112111
241563:&
1221111121
1232111111
1111112221
1121112121
1122112111
241635:&
1221111121
1232111111
1111112221
1121112121
1122112111
241653:&
1221111121
1232111111
1111112221
1121112121
1122112111
243156:#
1111112211
1221111111
243165:#
1111112211
1221111111
243516:%
1222112111
1221111121
1111112221
1232111111
243561:%
1222112111
1221111121
1111112221
1232111111
243615:%
1222112111
1221111121
1111112221
1232111111
243651:%
1222112111
1221111121
1111112221
1232111111
245136:)
1222112111
1112112221
1122112211
1211112221
1221111221
1222111121
1111112321
1232111111
245163:)
1222112111
1112112221
1122112211
1211112221
1221111221
1222111121
1111112321
1232111111
245316:(
1112112221
1222112111
1211112221
1221111221
1222111121
1111112321
1232111111
245361:(
1112112221
1222112111
1211112221
1221111221
1222111121
1111112321
1232111111
245613:&
1112112221
1111112321
1211112211
1221111211
1222111111
245631:&
1112112221
1111112321
1211112211
1221111211
1222111111
246135:)
1222112111
1112112221
1122112211
1211112221
1221111221
1222111121
1111112321
1232111111
246153:)
1222112111
1112112221
1122112211
1211112221
1221111221
1222111121
1111112321
1232111111
246315:(
1112112221
1222112111
1211112221
1221111221
1222111121
1111112321
1232111111
246351:(
1112112221
1222112111
1211112221
1221111221
1222111121
1111112321
1232111111
246513:&
1112112221
1111112321
1211112211
1221111211
1222111111
246531:&
1112112221
1111112321
1211112211
1221111211
1222111111
251346:%
1222111111
1122112111
1111112221
1112112211
251364:%
1222111111
1122112111
1111112221
1112112211
251436:%
1222111121
1232111111
1111112221
1122112111
251463:%
1222111121
1232111111
1111112221
1122112111
251634:&
1222111121
1232111111
1111112221
1121112211
1122112111
251643:&
1222111121
1232111111
1111112221
1121112211
1122112111
253146:%
1211112221
1111112321
1112112211
1222111111
253164:%
1211112221
1111112321
1112112211
1222111111
253416:'
1211112221
1222111121
1112112221
1222112111
1111112321
1232111111
253461:'
1211112221
1222111121
1112112221
1222112111
1111112321
1232111111
253614:(
1211112221
1221112211
1222111121
1112112221
1222112111
1111112321
1232111111
253641:(
1211112221
1221112211
1222111121
1112112221
1222112111
1111112321
1232111111
254136:(
1222112111
1112112221
1122112211
1211112221
1222111121
1111112321
1232111111
254163:(
1222112111
1112112221
1122112211
1211112221
1222111121
1111112321
1232111111
254316:'
1112112221
1222112111
1211112221
1222111121
1111112321
1232111111
254361:'
1112112221
1222112111
1211112221
1222111121
1111112321
1232111111
254613:%
1112112221
1111112321
1211112211
1222111111
254631:%
1112112221
1111112321
1211112211
1222111111
256134:&
1222111121
1221112111
1111112221
1121112211
1232111111
256143:&
1222111121
1221112111
1111112221
1121112211
1232111111
256314:%
1222111121
1111112221
1221112111
1232111111
256341:%
1222111121
1111112221
1221112111
1232111111
256413:%
1111112221
1211112211
1221112111
1222111111
256431:%
1111112221
1211112211
1221112111
1222111111
261345:%
1222111111
1122112111
1111112221
1112112211
261354:%
1222111111
1122112111
1111112221
1112112211
261435:%
1222111121
1232111111
1111112221
1122112111
261453:%
1222111121
1232111111
1111112221
1122112111
261534:&
1222111121
1232111111
1111112221
1121112211
1122112111
261543:&
1222111121
1232111111
1111112221
1121112211
1122112111
263145:%
1211112221
1111112321
1112112211
1222111111
263154:%
1211112221
1111112321
1112112211
1222111111
263415:'
1211112221
1222111121
1112112221
1222112111
1111112321
1232111111
263451:'
1211112221
1222111121
1112112221
1222112111
1111112321
1232111111
263514:(
1211112221
1221112211
1222111121
1112112221
1222112111
1111112321
1232111111
263541:(
1211112221
1221112211
1222111121
1112112221
1222112111
1111112321
1232111111
264135:(
1222112111
1112112221
1122112211
1211112221
1222111121
1111112321
1232111111
264153:(
1222112111
1112112221
1122112211
1211112221
1222111121
1111112321
1232111111
264315:'
1112112221
1222112111
1211112221
1222111121
1111112321
1232111111
264351:'
1112112221
1222112111
1211112221
1222111121
1111112321
1232111111
264513:%
1112112221
1111112321
1211112211
1222111111
264531:%
1112112221
1111112321
1211112211
1222111111
265134:&
1222111121
1221112111
1111112221
1121112211
1232111111
265143:&
1222111121
1221112111
1111112221
1121112211
1232111111
265314:%
1222111121
1111112221
1221112111
1232111111
265341:%
1222111121
1111112221
1221112111
1232111111
265413:%
1111112221
1211112211
1221112111
1222111111
265431:%
1111112221
1211112211
1221112111
1222111111
312456:#
1111112111
1211111111
312465:#
1111112111
1211111111
312546:%
1111112121
1112112111
1211111121
1212111111
312564:%
1111112121
1112112111
1211111121
1212111111
312645:%
1111112121
1112112111
1211111121
1212111111
312654:%
1111112121
1112112111
1211111121
1212111111
314256:$
1111112211
1211111211
1221111111
314265:$
1111112211
1211111211
1221111111
314526:%
1111112221
1211111221
1221111121
1222111111
314562:%
1111112221
1211111221
1221111121
1222111111
314625:%
1111112221
1211111221
1221111121
1222111111
314652:%
1111112221
1211111221
1221111121
1222111111
315246:&
1111112321
1112112211
1222111111
1211111221
1212111211
315264:&
1111112321
1112112211
1222111111
1211111221
1212111211
315426:%
1112112221
1111112321
1211111221
1222111111
315462:%
1112112221
1111112321
1211111221
1222111111
315624:&
1112112221
1111112321
1211111221
1221111211
1222111111
315642:&
1112112221
1111112321
1211111221
1221111211
1222111111
316245:&
1111112321
1112112211
1222111111
1211111221
1212111211
316254:&
1111112321
1112112211
1222111111
1211111221
1212111211
316425:%
1112112221
1111112321
1211111221
1222111111
316452:%
1112112221
1111112321
1211111221
1222111111
316524:&
1112112221
1111112321
1211111221
1221111211
1222111111
316542:&
1112112221
1111112321
1211111221
1221111211
1222111111
321456:#
1111112111
1211111111
321465:#
1111112111
1211111111
321546:%
1111112121
1112112111
1211111121
1212111111
321564:%
1111112121
1112112111
1211111121
1212111111
321645:%
1111112121
1112112111
1211111121
1212111111
321654:%
1111112121
1112112111
1211111121
1212111111
324156:$
1111112211
1211111211
1221111111
324165:$
1111112211
1211111211
1221111111
324516:%
1111112221
1211111221
1221111121
1222111111
324561:%
1111112221
1211111221
1221111121
1222111111
324615:%
1111112221
1211111221
1221111121
1222111111
324651:%
1111112221
1211111221
1221111121
1222111111
325146:&
1111112321
1112112211
1222111111
1211111221
1212111211
325164:&
1111112321
1112112211
1222111111
1211111221
1212111211
325416:%
1112112221
1111112321
1211111221
1222111111
325461:%
1112112221
1111112321
1211111221
1222111111
325614:&
1112112221
1111112321
1211111221
1221111211
1222111111
325641:&
1112112221
1111112321
1211111221
1221111211
1222111111
326145:&
1111112321
1112112211
1222111111
1211111221
1212111211
326154:&
1111112321
1112112211
1222111111
1211111221
1212111211
326415:%
1112112221
1111112321
1211111221
1222111111
326451:%
1112112221
1111112321
1211111221
1222111111
326514:&
1112112221
1111112321
1211111221
1221111211
1222111111
326541:&
1112112221
1111112321
1211111221
1221111211
1222111111
341256:$
1111112211
1221111111
1121111211
341265:$
1111112211
1221111111
1121111211
341526:&
1222112111
1121111221
1221111121
1111112221
1232111111
341562:&
1222112111
1121111221
1221111121
1111112221
1232111111
341625:&
1222112111
1121111221
1221111121
1111112221
1232111111
341652:&
1222112111
1121111221
1221111121
1111112221
1232111111
342156:$
1111112211
1221111111
1121111211
342165:$
1111112211
1221111111
1121111211
342516:&
1222112111
1121111221
1221111121
1111112221
1232111111
342561:&
1222112111
1121111221
1221111121
1111112221
1232111111
342615:&
1222112111
1121111221
1221111121
1111112221
1232111111
342651:&
1222112111
1121111221
1221111121
1111112221
1232111111
345126:&
1222112111
1121111221
1111112221
1232111111
1122111121
345162:&
1222112111
1121111221
1111112221
1232111111
1122111121
345216:&
1222112111
1121111221
1111112221
1232111111
1122111121
345261:&
1222112111
1121111221
1111112221
1232111111
1122111121
345612:$
1111112211
1121111211
1122111111
345621:$
1111112211
1121111211
1122111111
346125:&
1222112111
1121111221
1111112221
1232111111
1122111121
346152:&
1222112111
1121111221
1111112221
1232111111
1122111121
346215:&
1222112111
1121111221
1111112221
1232111111
1122111121
346251:&
1222112111
1121111221
1111112221
1232111111
1122111121
346512:$
1111112211
1121111211
1122111111
346521:$
1111112211
1121111211
1122111111
351246:&
1211112221
1111112321
1112112211
1222111111
1122111211
351264:&
1211112221
1111112321
1112112211
1222111111
1122111211
351426:(
1211112221
1122111221
1222111121
1112112221
1222112111
1111112321
1232111111
351462:(
1211112221
1122111221
1222111121
1112112221
1222112111
1111112321
1232111111
351624:)
1211112221
1221112211
1122111221
1222111121
1112112221
1222112111
1111112321
1232111111
351642:)
1211112221
1221112211
1122111221
1222111121
1112112221
1222112111
1111112321
1232111111
352146:&
1211112221
1111112321
1112112211
1222111111
1122111211
352164:&
1211112221
1111112321
1112112211
1222111111
1122111211
352416:(
1211112221
1122111221
1222111121
1112112221
1222112111
1111112321
1232111111
352461:(
1211112221
1122111221
1222111121
1112112221
1222112111
1111112321
1232111111
352614:)
1211112221
1221112211
1122111221
1222111121
1112112221
1222112111
1111112321
1232111111
352641:)
1211112221
1221112211
1122111221
1222111121
1112112221
1222112111
1111112321
1232111111
354126:%
1222112111
1111112221
1232111111
1122111121
354162:%
1222112111
1111112221
1232111111
1122111121
354216:%
1222112111
1111112221
1232111111
1122111121
354261:%
1222112111
1111112221
1232111111
1122111121
354612:#
1111112211
1122111111
354621:#
1111112211
1122111111
356124:&
1111112221
1221112111
1232111111
1121112121
1122111121
356142:&
1111112221
1221112111
1232111111
1121112121
1122111121
356214:&
1111112221
1221112111
1232111111
1121112121
1122111121
356241:&
1111112221
1221112111
1232111111
1121112121
1122111121
356412:$
1111112211
1121112111
1122111111
356421:$
1111112211
1121112111
1122111111
361245:&
1211112221
1111112321
1112112211
1222111111
1122111211
361254:&
1211112221
1111112321
1112112211
1222111111
1122111211
361425:(
1211112221
1122111221
1222111121
1112112221
1222112111
1111112321
1232111111
361452:(
1211112221
1122111221
1222111121
1112112221
1222112111
1111112321
1232111111
361524:)
1211112221
1221112211
1122111221
1222111121
1112112221
1222112111
1111112321
1232111111
361542:)
1211112221
1221112211
1122111221
1222111121
1112112221
1222112111
1111112321
1232111111
362145:&
1211112221
1111112321
1112112211
1222111111
1122111211
362154:&
1211112221
1111112321
1112112211
1222111111
1122111211
362415:(
1211112221
1122111221
1222111121
1112112221
1222112111
1111112321
1232111111
362451:(
1211112221
1122111221
1222111121
1112112221
1222112111
1111112321
1232111111
362514:)
1211112221
1221112211
1122111221
1222111121
1112112221
1222112111
1111112321
1232111111
362541:)
1211112221
1221112211
1122111221
1222111121
1112112221
1222112111
1111112321
1232111111
364125:%
1222112111
1111112221
1232111111
1122111121
364152:%
1222112111
1111112221
1232111111
1122111121
364215:%
1222112111
1111112221
1232111111
1122111121
364251:%
1222112111
1111112221
1232111111
1122111121
364512:#
1111112211
1122111111
364521:#
1111112211
1122111111
365124:&
1111112221
1221112111
1232111111
1121112121
1122111121
365142:&
1111112221
1221112111
1232111111
1121112121
1122111121
365214:&
1111112221
1221112111
1232111111
1121112121
1122111121
365241:&
1111112221
1221112111
1232111111
1121112121
1122111121
365412:$
1111112211
1121112111
1122111111
365421:$
1111112211
1121112111
1122111111
412356:$
1221111111
1111112211
1121112111
412365:$
1221111111
1111112211
1121112111
412536:&
1221111121
1232111111
1111112221
1121112121
1122112111
412563:&
1221111121
1232111111
1111112221
1121112121
1122112111
412635:&
1221111121
1232111111
1111112221
1121112121
1122112111
412653:&
1221111121
1232111111
1111112221
1121112121
1122112111
413256:#
1111112211
1221111111
413265:#
1111112211
1221111111
413526:%
1222112111
1221111121
1111112221
1232111111
413562:%
1222112111
1221111121
1111112221
1232111111
413625:%
1222112111
1221111121
1111112221
1232111111
413652:%
1222112111
1221111121
1111112221
1232111111
415236:)
1222112111
1112112221
1122112211
1211112221
1221111221
1222111121
1111112321
1232111111
415263:)
1222112111
1112112221
1122112211
1211112221
1221111221
1222111121
1111112321
1232111111
415326:(
1112112221
1222112111
1211112221
1221111221
1222111121
1111112321
1232111111
415362:(
1112112221
1222112111
1211112221
1221111221
1222111121
1111112321
1232111111
415623:&
1112112221
1111112321
1211112211
1221111211
1222111111
415632:&
1112112221
1111112321
1211112211
1221111211
1222111111
416235:)
1222112111
1112112221
1122112211
1211112221
1221111221
1222111121
1111112321
1232111111
416253:)
1222112111
1112112221
1122112211
1211112221
1221111221
1222111121
1111112321
1232111111
416325:(
1112112221
1222112111
1211112221
1221111221
1222111121
1111112321
1232111111
416352:(
1112112221
1222112111
1211112221
1221111221
1222111121
1111112321
1232111111
416523:&
1112112221
1111112321
1211112211
1221111211
1222111111
416532:&
1112112221
1111112321
1211112211
1221111211
1222111111
421356:$
1221111111
1111112211
1121112111
421365:$
1221111111
1111112211
1121112111
421536:&
1221111121
1232111111
1111112221
1121112121
1122112111
421563:&
1221111121
1232111111
1111112221
1121112121
1122112111
421635:&
1221111121
1232111111
1111112221
1121112121
1122112111
421653:&
1221111121
1232111111
1111112221
1121112121
1122112111
423156:#
1111112211
1221111111
423165:#
1111112211
1221111111
423516:%
1222112111
1221111121
1111112221
1232111111
423561:%
1222112111
1221111121
1111112221
1232111111
423615:%
1222112111
1221111121
1111112221
1232111111
423651:%
1222112111
1221111121
1111112221
1232111111
425136:)
1222112111
1112112221
1122112211
1211112221
1221111221
1222111121
1111112321
1232111111
425163:)
1222112111
1112112221
1122112211
1211112221
1221111221
1222111121
1111112321
1232111111
425316:(
1112112221
1222112111
1211112221
1221111221
1222111121
1111112321
1232111111
425361:(
1112112221
1222112111
1211112221
1221111221
1222111121
1111112321
1232111111
425613:&
1112112221
1111112321
1211112211
1221111211
1222111111
425631:&
1112112221
1111112321
1211112211
1221111211
1222111111
426135:)
1222112111
1112112221
1122112211
1211112221
1221111221
1222111121
1111112321
1232111111
426153:)
1222112111
1112112221
1122112211
1211112221
1221111221
1222111121
1111112321
1232111111
426315:(
1112112221
1222112111
1211112221
1221111221
1222111121
1111112321
1232111111
426351:(
1112112221
1222112111
1211112221
1221111221
1222111121
1111112321
1232111111
426513:&
1112112221
1111112321
1211112211
1221111211
1222111111
426531:&
1112112221
1111112321
1211112211
1221111211
1222111111
431256:$
1111112211
1221111111
1121111211
431265:$
1111112211
1221111111
1121111211
431526:&
1222112111
1121111221
1221111121
1111112221
1232111111
431562:&
1222112111
1121111221
1221111121
1111112221
1232111111
431625:&
1222112111
1121111221
1221111121
1111112221
1232111111
431652:&
1222112111
1121111221
1221111121
1111112221
1232111111
432156:$
1111112211
1221111111
1121111211
432165:$
1111112211
1221111111
1121111211
432516:&
1222112111
1121111221
1221111121
1111112221
1232111111
432561:&
1222112111
1121111221
1221111121
1111112221
1232111111
432615:&
1222112111
1121111221
1221111121
1111112221
1232111111
432651:&
1222112111
1121111221
1221111121
1111112221
1232111111
435126:&
1222112111
1121111221
1111112221
1232111111
1122111121
435162:&
1222112111
1121111221
1111112221
1232111111
1122111121
435216:&
1222112111
1121111221
1111112221
1232111111
1122111121
435261:&
1222112111
1121111221
1111112221
1232111111
1122111121
435612:$
1111112211
1121111211
1122111111
435621:$
1111112211
1121111211
1122111111
436125:&
1222112111
1121111221
1111112221
1232111111
1122111121
436152:&
1222112111
1121111221
1111112221
1232111111
1122111121
436215:&
1222112111
1121111221
1111112221
1232111111
1122111121
436251:&
1222112111
1121111221
1111112221
1232111111
1122111121
436512:$
1111112211
1121111211
1122111111
436521:$
1111112211
1121111211
1122111111
451236:&
1211112221
1111112321
1222111111
1122111211
1112111221
451263:&
1211112221
1111112321
1222111111
1122111211
1112111221
451326:%
1211112221
1111112321
1112111221
1222111111
451362:%
1211112221
1111112321
1112111221
1222111111
451623:&
1111112321
1112111221
1211112211
1222111111
1212111211
451632:&
1111112321
1112111221
1211112211
1222111111
1212111211
452136:&
1211112221
1111112321
1222111111
1122111211
1112111221
452163:&
1211112221
1111112321
1222111111
1122111211
1112111221
452316:%
1211112221
1111112321
1112111221
1222111111
452361:%
1211112221
1111112321
1112111221
1222111111
452613:&
1111112321
1112111221
1211112211
1222111111
1212111211
452631:&
1111112321
1112111221
1211112211
1222111111
1212111211
453126:%
1111112221
1112111221
1222111111
1122111121
453162:%
1111112221
1112111221
1222111111
1122111121
453216:%
1111112221
1112111221
1222111111
1122111121
453261:%
1111112221
1112111221
1222111111
1122111121
453612:$
1111112211
1122111111
1112111211
453621:$
1111112211
1122111111
1112111211
456123:%
1111112121
1112111121
1211112111
1212111111
456132:%
1111112121
1112111121
1211112111
1212111111
456213:%
1111112121
1112111121
1211112111
1212111111
456231:%
1111112121
1112111121
1211112111
1212111111
456312:#
1111112111
1112111111
456321:#
1111112111
1112111111
461235:&
1211112221
1111112321
1222111111
1122111211
1112111221
461253:&
1211112221
1111112321
1222111111
1122111211
1112111221
461325:%
1211112221
1111112321
1112111221
1222111111
461352:%
1211112221
1111112321
1112111221
1222111111
461523:&
1111112321
1112111221
1211112211
1222111111
1212111211
461532:&
1111112321
1112111221
1211112211
1222111111
1212111211
462135:&
1211112221
1111112321
1222111111
1122111211
1112111221
462153:&
1211112221
1111112321
1222111111
1122111211
1112111221
462315:%
1211112221
1111112321
1112111221
1222111111
462351:%
1211112221
1111112321
1112111221
1222111111
462513:&
1111112321
1112111221
1211112211
1222111111
1212111211
462531:&
1111112321
1112111221
1211112211
1222111111
1212111211
463125:%
1111112221
1112111221
1222111111
1122111121
463152:%
1111112221
1112111221
1222111111
1122111121
463215:%
1111112221
1112111221
1222111111
1122111121
463251:%
1111112221
1112111221
1222111111
1122111121
463512:$
1111112211
1122111111
1112111211
463521:$
1111112211
1122111111
1112111211
465123:%
1111112121
1112111121
1211112111
1212111111
465132:%
1111112121
1112111121
1211112111
1212111111
465213:%
1111112121
1112111121
1211112111
1212111111
465231:%
1111112121
1112111121
1211112111
1212111111
465312:#
1111112111
1112111111
465321:#
1111112111
1112111111
512346:%
1222111111
1122112111
1111112221
1112112211
512364:%
1222111111
1122112111
1111112221
1112112211
512436:%
1222111121
1232111111
1111112221
1122112111
512463:%
1222111121
1232111111
1111112221
1122112111
512634:&
1222111121
1232111111
1111112221
1121112211
1122112111
512643:&
1222111121
1232111111
1111112221
1121112211
1122112111
513246:%
1211112221
1111112321
1112112211
1222111111
513264:%
1211112221
1111112321
1112112211
1222111111
513426:'
1211112221
1222111121
1112112221
1222112111
1111112321
1232111111
513462:'
1211112221
1222111121
1112112221
1222112111
1111112321
1232111111
513624:(
1211112221
1221112211
1222111121
1112112221
1222112111
1111112321
1232111111
513642:(
1211112221
1221112211
1222111121
1112112221
1222112111
1111112321
1232111111
514236:(
1222112111
1112112221
1122112211
1211112221
1222111121
1111112321
1232111111
514263:(
1222112111
1112112221
1122112211
1211112221
1222111121
1111112321
1232111111
514326:'
1112112221
1222112111
1211112221
1222111121
1111112321
1232111111
514362:'
1112112221
1222112111
1211112221
1222111121
1111112321
1232111111
514623:%
1112112221
1111112321
1211112211
1222111111
514632:%
1112112221
1111112321
1211112211
1222111111
516234:&
1222111121
1221112111
1111112221
1121112211
1232111111
516243:&
1222111121
1221112111
1111112221
1121112211
1232111111
516324:%
1222111121
1111112221
1221112111
1232111111
516342:%
1222111121
1111112221
1221112111
1232111111
516423:%
1111112221
1211112211
1221112111
1222111111
516432:%
1111112221
1211112211
1221112111
1222111111
521346:%
1222111111
1122112111
1111112221
1112112211
521364:%
1222111111
1122112111
1111112221
1112112211
521436:%
1222111121
1232111111
1111112221
1122112111
521463:%
1222111121
1232111111
1111112221
1122112111
521634:&
1222111121
1232111111
1111112221
1121112211
1122112111
521643:&
1222111121
1232111111
1111112221
1121112211
1122112111
523146:%
1211112221
1111112321
1112112211
1222111111
523164:%
1211112221
1111112321
1112112211
1222111111
523416:'
1211112221
1222111121
1112112221
1222112111
1111112321
1232111111
523461:'
1211112221
1222111121
1112112221
1222112111
1111112321
1232111111
523614:(
1211112221
1221112211
1222111121
1112112221
1222112111
1111112321
1232111111
523641:(
1211112221
1221112211
1222111121
1112112221
1222112111
1111112321
1232111111
524136:(
1222112111
1112112221
1122112211
1211112221
1222111121
1111112321
1232111111
524163:(
1222112111
1112112221
1122112211
1211112221
1222111121
1111112321
1232111111
524316:'
1112112221
1222112111
1211112221
1222111121
1111112321
1232111111
524361:'
1112112221
1222112111
1211112221
1222111121
1111112321
1232111111
524613:%
1112112221
1111112321
1211112211
1222111111
524631:%
1112112221
1111112321
1211112211
1222111111
526134:&
1222111121
1221112111
1111112221
1121112211
1232111111
526143:&
1222111121
1221112111
1111112221
1121112211
1232111111
526314:%
1222111121
1111112221
1221112111
1232111111
526341:%
1222111121
1111112221
1221112111
1232111111
526413:%
1111112221
1211112211
1221112111
1222111111
526431:%
1111112221
1211112211
1221112111
1222111111
531246:&
1211112221
1111112321
1112112211
1222111111
1122111211
531264:&
1211112221
1111112321
1112112211
1222111111
1122111211
531426:(
1211112221
1122111221
1222111121
1112112221
1222112111
1111112321
1232111111
531462:(
1211112221
1122111221
1222111121
1112112221
1222112111
1111112321
1232111111
531624:)
1211112221
1221112211
1122111221
1222111121
1112112221
1222112111
1111112321
1232111111
531642:)
1211112221
1221112211
1122111221
1222111121
1112112221
1222112111
1111112321
1232111111
532146:&
1211112221
1111112321
1112112211
1222111111
1122111211
532164:&
1211112221
1111112321
1112112211
1222111111
1122111211
532416:(
1211112221
1122111221
1222111121
1112112221
1222112111
1111112321
1232111111
532461:(
1211112221
1122111221
1222111121
1112112221
1222112111
1111112321
1232111111
532614:)
1211112221
1221112211
1122111221
1222111121
1112112221
1222112111
1111112321
1232111111
532641:)
1211112221
1221112211
1122111221
1222111121
1112112221
1222112111
1111112321
1232111111
534126:%
1222112111
1111112221
1232111111
1122111121
534162:%
1222112111
1111112221
1232111111
1122111121
534216:%
1222112111
1111112221
1232111111
1122111121
534261:%
1222112111
1111112221
1232111111
1122111121
534612:#
1111112211
1122111111
534621:#
1111112211
1122111111
536124:&
1111112221
1221112111
1232111111
1121112121
1122111121
536142:&
1111112221
1221112111
1232111111
1121112121
1122111121
536214:&
1111112221
1221112111
1232111111
1121112121
1122111121
536241:&
1111112221
1221112111
1232111111
1121112121
1122111121
536412:$
1111112211
1121112111
1122111111
536421:$
1111112211
1121112111
1122111111
541236:&
1211112221
1111112321
1222111111
1122111211
1112111221
541263:&
1211112221
1111112321
1222111111
1122111211
1112111221
541326:%
1211112221
1111112321
1112111221
1222111111
541362:%
1211112221
1111112321
1112111221
1222111111
541623:&
1111112321
1112111221
1211112211
1222111111
1212111211
541632:&
1111112321
1112111221
1211112211
1222111111
1212111211
542136:&
1211112221
1111112321
1222111111
1122111211
1112111221
542163:&
1211112221
1111112321
1222111111
1122111211
1112111221
542316:%
1211112221
1111112321
1112111221
1222111111
542361:%
1211112221
1111112321
1112111221
1222111111
542613:&
1111112321
1112111221
1211112211
1222111111
1212111211
542631:&
1111112321
1112111221
1211112211
1222111111
1212111211
543126:%
1111112221
1112111221
1222111111
1122111121
543162:%
1111112221
1112111221
1222111111
1122111121
543216:%
1111112221
1112111221
1222111111
1122111121
543261:%
1111112221
1112111221
1222111111
1122111121
543612:$
1111112211
1122111111
1112111211
543621:$
1111112211
1122111111
1112111211
546123:%
1111112121
1112111121
1211112111
1212111111
546132:%
1111112121
1112111121
1211112111
1212111111
546213:%
1111112121
1112111121
1211112111
1212111111
546231:%
1111112121
1112111121
1211112111
1212111111
546312:#
1111112111
1112111111
546321:#
1111112111
1112111111
561234:$
1221111111
1111111221
1121111211
561243:$
1221111111
1111111221
1121111211
561324:#
1111111221
1221111111
561342:#
1111111221
1221111111
561423:$
1111111221
1211111211
1221111111
561432:$
1111111221
1211111211
1221111111
562134:$
1221111111
1111111221
1121111211
562143:$
1221111111
1111111221
1121111211
562314:#
1111111221
1221111111
562341:#
1111111221
1221111111
562413:$
1111111221
1211111211
1221111111
562431:$
1111111221
1211111211
1221111111
563124:$
1111111221
1221111111
1121111121
563142:$
1111111221
1221111111
1121111121
563214:$
1111111221
1221111111
1121111121
563241:$
1111111221
1221111111
1121111121
563412:#
1111111211
1121111111
563421:#
1111111211
1121111111
564123:#
1111111121
1211111111
564132:#
1111111121
1211111111
564213:#
1111111121
1211111111
564231:#
1111111121
1211111111
564312:"
1111111111
564321:"
1111111111
612345:%
1222111111
1122112111
1111112221
1112112211
612354:%
1222111111
1122112111
1111112221
1112112211
612435:%
1222111121
1232111111
1111112221
1122112111
612453:%
1222111121
1232111111
1111112221
1122112111
612534:&
1222111121
1232111111
1111112221
1121112211
1122112111
612543:&
1222111121
1232111111
1111112221
1121112211
1122112111
613245:%
1211112221
1111112321
1112112211
1222111111
613254:%
1211112221
1111112321
1112112211
1222111111
613425:'
1211112221
1222111121
1112112221
1222112111
1111112321
1232111111
613452:'
1211112221
1222111121
1112112221
1222112111
1111112321
1232111111
613524:(
1211112221
1221112211
1222111121
1112112221
1222112111
1111112321
1232111111
613542:(
1211112221
1221112211
1222111121
1112112221
1222112111
1111112321
1232111111
614235:(
1222112111
1112112221
1122112211
1211112221
1222111121
1111112321
1232111111
614253:(
1222112111
1112112221
1122112211
1211112221
1222111121
1111112321
1232111111
614325:'
1112112221
1222112111
1211112221
1222111121
1111112321
1232111111
614352:'
1112112221
1222112111
1211112221
1222111121
1111112321
1232111111
614523:%
1112112221
1111112321
1211112211
1222111111
614532:%
1112112221
1111112321
1211112211
1222111111
615234:&
1222111121
1221112111
1111112221
1121112211
1232111111
615243:&
1222111121
1221112111
1111112221
1121112211
1232111111
615324:%
1222111121
1111112221
1221112111
1232111111
615342:%
1222111121
1111112221
1221112111
1232111111
615423:%
1111112221
1211112211
1221112111
1222111111
615432:%
1111112221
1211112211
1221112111
1222111111
621345:%
1222111111
1122112111
1111112221
1112112211
621354:%
1222111111
1122112111
1111112221
1112112211
621435:%
1222111121
1232111111
1111112221
1122112111
621453:%
1222111121
1232111111
1111112221
1122112111
621534:&
1222111121
1232111111
1111112221
1121112211
1122112111
621543:&
1222111121
1232111111
1111112221
1121112211
1122112111
623145:%
1211112221
1111112321
1112112211
1222111111
623154:%
1211112221
1111112321
1112112211
1222111111
623415:'
1211112221
1222111121
1112112221
1222112111
1111112321
1232111111
623451:'
1211112221
1222111121
1112112221
1222112111
1111112321
1232111111
623514:(
1211112221
1221112211
1222111121
1112112221
1222112111
1111112321
1232111111
623541:(
1211112221
1221112211
1222111121
1112112221
1222112111
1111112321
1232111111
624135:(
1222112111
1112112221
1122112211
1211112221
1222111121
1111112321
1232111111
624153:(
1222112111
1112112221
1122112211
1211112221
1222111121
1111112321
1232111111
624315:'
1112112221
1222112111
1211112221
1222111121
1111112321
1232111111
624351:'
1112112221
1222112111
1211112221
1222111121
1111112321
1232111111
624513:%
1112112221
1111112321
1211112211
1222111111
624531:%
1112112221
1111112321
1211112211
1222111111
625134:&
1222111121
1221112111
1111112221
1121112211
1232111111
625143:&
1222111121
1221112111
1111112221
1121112211
1232111111
625314:%
1222111121
1111112221
1221112111
1232111111
625341:%
1222111121
1111112221
1221112111
1232111111
625413:%
1111112221
1211112211
1221112111
1222111111
625431:%
1111112221
1211112211
1221112111
1222111111
631245:&
1211112221
1111112321
1112112211
1222111111
1122111211
631254:&
1211112221
1111112321
1112112211
1222111111
1122111211
631425:(
1211112221
1122111221
1222111121
1112112221
1222112111
1111112321
1232111111
631452:(
1211112221
1122111221
1222111121
1112112221
1222112111
1111112321
1232111111
631524:)
1211112221
1221112211
1122111221
1222111121
1112112221
1222112111
1111112321
1232111111
631542:)
1211112221
1221112211
1122111221
1222111121
1112112221
1222112111
1111112321
1232111111
632145:&
1211112221
1111112321
1112112211
1222111111
1122111211
632154:&
1211112221
1111112321
1112112211
1222111111
1122111211
632415:(
1211112221
1122111221
1222111121
1112112221
1222112111
1111112321
1232111111
632451:(
1211112221
1122111221
1222111121
1112112221
1222112111
1111112321
1232111111
632514:)
1211112221
1221112211
1122111221
1222111121
1112112221
1222112111
1111112321
1232111111
632541:)
1211112221
1221112211
1122111221
1222111121
1112112221
1222112111
1111112321
1232111111
634125:%
1222112111
1111112221
1232111111
1122111121
634152:%
1222112111
1111112221
1232111111
1122111121
634215:%
1222112111
1111112221
1232111111
1122111121
634251:%
1222112111
1111112221
1232111111
1122111121
634512:#
1111112211
1122111111
634521:#
1111112211
1122111111
635124:&
1111112221
1221112111
1232111111
1121112121
1122111121
635142:&
1111112221
1221112111
1232111111
1121112121
1122111121
635214:&
1111112221
1221112111
1232111111
1121112121
1122111121
635241:&
1111112221
1221112111
1232111111
1121112121
1122111121
635412:$
1111112211
1121112111
1122111111
635421:$
1111112211
1121112111
1122111111
641235:&
1211112221
1111112321
1222111111
1122111211
1112111221
641253:&
1211112221
1111112321
1222111111
1122111211
1112111221
641325:%
1211112221
1111112321
1112111221
1222111111
641352:%
1211112221
1111112321
1112111221
1222111111
641523:&
1111112321
1112111221
1211112211
1222111111
1212111211
641532:&
1111112321
1112111221
1211112211
1222111111
1212111211
642135:&
1211112221
1111112321
1222111111
1122111211
1112111221
642153:&
1211112221
1111112321
1222111111
1122111211
1112111221
642315:%
1211112221
1111112321
1112111221
1222111111
642351:%
1211112221
1111112321
1112111221
1222111111
642513:&
1111112321
1112111221
1211112211
1222111111
1212111211
642531:&
1111112321
1112111221
1211112211
1222111111
1212111211
643125:%
1111112221
1112111221
1222111111
1122111121
643152:%
1111112221
1112111221
1222111111
1122111121
643215:%
1111112221
1112111221
1222111111
1122111121
643251:%
1111112221
1112111221
1222111111
1122111121
643512:$
1111112211
1122111111
1112111211
643521:$
1111112211
1122111111
1112111211
645123:%
1111112121
1112111121
1211112111
1212111111
645132:%
1111112121
1112111121
1211112111
1212111111
645213:%
1111112121
1112111121
1211112111
1212111111
645231:%
1111112121
1112111121
1211112111
1212111111
645312:#
1111112111
1112111111
645321:#
1111112111
1112111111
651234:$
1221111111
1111111221
1121111211
651243:$
1221111111
1111111221
1121111211
651324:#
1111111221
1221111111
651342:#
1111111221
1221111111
651423:$
1111111221
1211111211
1221111111
651432:$
1111111221
1211111211
1221111111
652134:$
1221111111
1111111221
1121111211
652143:$
1221111111
1111111221
1121111211
652314:#
1111111221
1221111111
652341:#
1111111221
1221111111
652413:$
1111111221
1211111211
1221111111
652431:$
1111111221
1211111211
1221111111
653124:$
1111111221
1221111111
1121111121
653142:$
1111111221
1221111111
1121111121
653214:$
1111111221
1221111111
1121111121
653241:$
1111111221
1221111111
1121111121
653412:#
1111111211
1121111111
653421:#
1111111211
1121111111
654123:#
1111111121
1211111111
654132:#
1111111121
1211111111
654213:#
1111111121
1211111111
654231:#
1111111121
1211111111
654312:"
1111111111
654321:"
1111111111

------ PRINTING ------

Time elapsed= 0.005229

------ PRINTING ------

++++++++++++++++++++++++ END OF PROGRAM ++++++++++++++++++++++++
